Epoch#                               Rewards                   Total(Cumulative)
Epoch0                          1,163.632801                        1,163.632801
Epoch1                              0.000000                        1,163.632801
Epoch2                              0.000000                        1,163.632801
Epoch3                              0.000000                        1,163.632801
Epoch4                              0.000000                        1,163.632801
Epoch5                              0.000000                        1,163.632801
Epoch6                              0.000000                        1,163.632801
Epoch7                              0.000000                        1,163.632801
Epoch8                              0.000000                        1,163.632801
Epoch9                              0.000000                        1,163.632801
Epoch10                             0.000000                        1,163.632801
Epoch11                             0.000000                        1,163.632801
Epoch12                             0.000000                        1,163.632801
Epoch13                             0.000000                        1,163.632801
Epoch14                             0.000000                        1,163.632801
