Epoch#                               Rewards                   Total(Cumulative)
Epoch0                          4,349.790768                        4,349.790768
Epoch1                              0.090966                        4,349.881734
Epoch2                              0.000000                        4,349.881734
Epoch3                              0.000000                        4,349.881734
Epoch4                              0.000000                        4,349.881734
Epoch5                              0.000000                        4,349.881734
Epoch6                              0.000000                        4,349.881734
Epoch7                              0.000000                        4,349.881734
Epoch8                              0.000000                        4,349.881734
Epoch9                              0.000000                        4,349.881734
Epoch10                             0.000000                        4,349.881734
Epoch11                             0.000000                        4,349.881734
Epoch12                             0.000000                        4,349.881734
Epoch13                             0.000000                        4,349.881734
Epoch14                             0.000000                        4,349.881734
Epoch15                             0.000000                        4,349.881734
