Epoch#                               Rewards                   Total(Cumulative)
Epoch0                          1,163.553390                        1,163.553390
Epoch1                              0.000000                        1,163.553390
Epoch2                              0.000000                        1,163.553390
Epoch3                              0.000000                        1,163.553390
Epoch4                              0.000000                        1,163.553390
Epoch5                              0.000000                        1,163.553390
Epoch6                              0.000000                        1,163.553390
Epoch7                              0.000000                        1,163.553390
Epoch8                              0.000000                        1,163.553390
Epoch9                              0.000000                        1,163.553390
Epoch10                             0.000000                        1,163.553390
Epoch11                             0.000000                        1,163.553390
Epoch12                             0.000000                        1,163.553390
Epoch13                             0.000000                        1,163.553390
Epoch14                             0.000000                        1,163.553390
Epoch15                             0.000000                        1,163.553390
Epoch16                             0.000000                        1,163.553390
Epoch17                             0.000000                        1,163.553390
