Epoch#                               Rewards                   Total(Cumulative)
Epoch0                          6,792.424207                        6,792.424207
Epoch1                            541.422657                        7,333.846864
Epoch2                            276.905915                        7,610.752780
Epoch3                            167.793571                        7,778.546351
Epoch4                              0.144340                        7,778.690691
Epoch5                              0.000000                        7,778.690691
Epoch6                              0.000000                        7,778.690691
Epoch7                              0.000000                        7,778.690691
Epoch8                              0.000000                        7,778.690691
Epoch9                              0.000000                        7,778.690691
Epoch10                             0.000000                        7,778.690691
Epoch11                             1.821580                        7,780.512271
Epoch12                             0.000000                        7,780.512271
Epoch13                             0.000000                        7,780.512271
Epoch14                             0.000000                        7,780.512271
Epoch15                             0.000000                        7,780.512271
Epoch16                             0.000000                        7,780.512271
Epoch17                             0.000000                        7,780.512271
Epoch18                             0.000000                        7,780.512271
Epoch19                             0.000000                        7,780.512271
Epoch20                             0.000000                        7,780.512271
Epoch21                             0.000000                        7,780.512271
Epoch22                             0.000000                        7,780.512271
Epoch23                             0.000000                        7,780.512271
Epoch24                             0.000000                        7,780.512271
Epoch25                             0.000000                        7,780.512271
Epoch26                             0.000000                        7,780.512271
Epoch27                             0.000000                        7,780.512271
Epoch28                             0.000000                        7,780.512271
Epoch29                             0.000000                        7,780.512271
Epoch30                             0.000000                        7,780.512271
Epoch31                             0.000000                        7,780.512271
