Epoch#                               Rewards                   Total(Cumulative)
Epoch0                          1,170.180319                        1,170.180319
Epoch1                              0.120874                        1,170.301192
Epoch2                              1.884118                        1,172.185311
Epoch3                              0.848261                        1,173.033572
Epoch4                              0.000000                        1,173.033572
Epoch5                              0.000000                        1,173.033572
Epoch6                              0.000000                        1,173.033572
Epoch7                              0.000000                        1,173.033572
Epoch8                              0.000000                        1,173.033572
Epoch9                              0.000000                        1,173.033572
Epoch10                             0.000000                        1,173.033572
Epoch11                             0.000000                        1,173.033572
Epoch12                             0.000000                        1,173.033572
Epoch13                             0.000000                        1,173.033572
Epoch14                             0.000000                        1,173.033572
