Epoch#                               Rewards                   Total(Cumulative)
Epoch0                          1,163.776956                        1,163.776956
Epoch1                              0.000000                        1,163.776956
Epoch2                              0.000000                        1,163.776956
Epoch3                              0.000000                        1,163.776956
Epoch4                              0.000000                        1,163.776956
Epoch5                              0.000000                        1,163.776956
Epoch6                              0.000000                        1,163.776956
Epoch7                              0.000000                        1,163.776956
Epoch8                              0.000000                        1,163.776956
Epoch9                              0.000000                        1,163.776956
Epoch10                             0.000000                        1,163.776956
Epoch11                             0.000000                        1,163.776956
Epoch12                             0.000000                        1,163.776956
Epoch13                             0.000000                        1,163.776956
Epoch14                             0.000000                        1,163.776956
Epoch15                             0.000000                        1,163.776956
Epoch16                             0.000000                        1,163.776956
Epoch17                             0.000000                        1,163.776956
Epoch18                             0.000000                        1,163.776956
Epoch19                             0.000000                        1,163.776956
Epoch20                             0.000000                        1,163.776956
Epoch21                             0.000000                        1,163.776956
Epoch22                             0.000000                        1,163.776956
Epoch23                             0.000000                        1,163.776956
Epoch24                             0.000000                        1,163.776956
Epoch25                             0.000000                        1,163.776956
Epoch26                             0.000000                        1,163.776956
Epoch27                             0.000000                        1,163.776956
Epoch28                             0.000000                        1,163.776956
Epoch29                             0.000000                        1,163.776956
