Epoch#                               Rewards                   Total(Cumulative)
Epoch0                          1,164.766168                        1,164.766168
Epoch1                             29.893312                        1,194.659480
Epoch2                             20.205815                        1,214.865296
Epoch3                              1.162287                        1,216.027582
Epoch4                              0.000000                        1,216.027582
Epoch5                              2.106514                        1,218.134096
Epoch6                              1.655372                        1,219.789468
Epoch7                              3.371333                        1,223.160801
Epoch8                              0.000000                        1,223.160801
Epoch9                             11.539017                        1,234.699818
Epoch10                             0.000000                        1,234.699818
Epoch11                             3.320412                        1,238.020230
Epoch12                             0.000000                        1,238.020230
Epoch13                             0.000000                        1,238.020230
Epoch14                             0.000000                        1,238.020230
Epoch15                             0.000000                        1,238.020230
Epoch16                             0.000000                        1,238.020230
Epoch17                             0.000000                        1,238.020230
Epoch18                             0.000000                        1,238.020230
Epoch19                             0.000000                        1,238.020230
Epoch20                             0.000000                        1,238.020230
Epoch21                             0.000000                        1,238.020230
Epoch22                             0.000000                        1,238.020230
Epoch23                             0.000000                        1,238.020230
Epoch24                             0.000000                        1,238.020230
Epoch25                             0.000000                        1,238.020230
Epoch26                             0.000000                        1,238.020230
Epoch27                             0.000000                        1,238.020230
Epoch28                             0.000000                        1,238.020230
