Epoch#                               Rewards                   Total(Cumulative)
Epoch0                              0.000000                            0.000000
Epoch1                          2,394.317978                        2,394.317978
Epoch2                             11.476436                        2,405.794414
Epoch3                              0.000000                        2,405.794414
Epoch4                              0.000000                        2,405.794414
Epoch5                              0.000000                        2,405.794414
Epoch6                              0.000000                        2,405.794414
Epoch7                              0.000000                        2,405.794414
Epoch8                              0.000000                        2,405.794414
Epoch9                              0.000000                        2,405.794414
Epoch10                             0.000000                        2,405.794414
Epoch11                             0.000000                        2,405.794414
Epoch12                             0.000000                        2,405.794414
Epoch13                             0.000000                        2,405.794414
Epoch14                             0.000000                        2,405.794414
Epoch15                             0.000000                        2,405.794414
