Epoch#                               Rewards                   Total(Cumulative)
Epoch0                          1,164.947927                        1,164.947927
Epoch1                              0.000000                        1,164.947927
Epoch2                              0.000000                        1,164.947927
Epoch3                              0.000000                        1,164.947927
Epoch4                              0.000000                        1,164.947927
Epoch5                              0.000000                        1,164.947927
Epoch6                              0.000000                        1,164.947927
Epoch7                              0.000000                        1,164.947927
Epoch8                              0.000000                        1,164.947927
Epoch9                              0.000000                        1,164.947927
Epoch10                             0.000000                        1,164.947927
Epoch11                             0.000000                        1,164.947927
Epoch12                             0.000000                        1,164.947927
Epoch13                             0.000000                        1,164.947927
Epoch14                             0.000000                        1,164.947927
Epoch15                             0.000000                        1,164.947927
Epoch16                             0.000000                        1,164.947927
Epoch17                             0.000000                        1,164.947927
Epoch18                             0.000000                        1,164.947927
Epoch19                             0.000000                        1,164.947927
Epoch20                             0.000000                        1,164.947927
Epoch21                             0.000000                        1,164.947927
Epoch22                             0.000000                        1,164.947927
Epoch23                             0.000000                        1,164.947927
Epoch24                             0.000000                        1,164.947927
Epoch25                             0.000000                        1,164.947927
Epoch26                             0.000000                        1,164.947927
Epoch27                             0.000000                        1,164.947927
Epoch28                             0.000000                        1,164.947927
