Epoch#                               Rewards                   Total(Cumulative)
Epoch0                          4,351.014820                        4,351.014820
Epoch1                              0.000000                        4,351.014820
Epoch2                              0.000000                        4,351.014820
Epoch3                              0.000000                        4,351.014820
Epoch4                              0.000000                        4,351.014820
Epoch5                              0.000000                        4,351.014820
Epoch6                              0.000000                        4,351.014820
Epoch7                              0.000000                        4,351.014820
Epoch8                              0.000000                        4,351.014820
Epoch9                              0.000000                        4,351.014820
Epoch10                             0.000000                        4,351.014820
Epoch11                             0.000000                        4,351.014820
Epoch12                             0.000000                        4,351.014820
Epoch13                             0.000000                        4,351.014820
Epoch14                             0.000000                        4,351.014820
Epoch15                             0.000000                        4,351.014820
Epoch16                             0.000000                        4,351.014820
Epoch17                             0.000000                        4,351.014820
