Epoch#                               Rewards                   Total(Cumulative)
Epoch0                          1,163.896746                        1,163.896746
Epoch1                              0.139422                        1,164.036168
Epoch2                              0.000000                        1,164.036168
Epoch3                              0.000000                        1,164.036168
Epoch4                              0.000000                        1,164.036168
Epoch5                              0.000000                        1,164.036168
Epoch6                              0.000000                        1,164.036168
Epoch7                              0.000000                        1,164.036168
Epoch8                              0.000000                        1,164.036168
Epoch9                              0.000000                        1,164.036168
Epoch10                             0.000000                        1,164.036168
Epoch11                             0.000000                        1,164.036168
Epoch12                             0.000000                        1,164.036168
Epoch13                             0.000000                        1,164.036168
Epoch14                             0.000000                        1,164.036168
Epoch15                             0.000000                        1,164.036168
Epoch16                             0.000000                        1,164.036168
Epoch17                             0.000000                        1,164.036168
