Epoch#                               Rewards                   Total(Cumulative)
Epoch0                          4,349.822816                        4,349.822816
Epoch1                              0.000000                        4,349.822816
Epoch2                              0.000000                        4,349.822816
Epoch3                              0.000000                        4,349.822816
Epoch4                              0.000000                        4,349.822816
Epoch5                              0.000000                        4,349.822816
Epoch6                              0.000000                        4,349.822816
Epoch7                              0.000000                        4,349.822816
Epoch8                              0.000000                        4,349.822816
Epoch9                              0.000000                        4,349.822816
Epoch10                             0.000000                        4,349.822816
Epoch11                             0.000000                        4,349.822816
Epoch12                             0.000000                        4,349.822816
Epoch13                             0.000000                        4,349.822816
Epoch14                             0.000000                        4,349.822816
Epoch15                             0.000000                        4,349.822816
Epoch16                             0.000000                        4,349.822816
Epoch17                             0.000000                        4,349.822816
