Epoch#                               Rewards                   Total(Cumulative)
Epoch0                          6,560.532658                        6,560.532658
Epoch1                             52.904380                        6,613.437038
Epoch2                             19.876270                        6,633.313308
Epoch3                             34.011340                        6,667.324648
Epoch4                             78.394127                        6,745.718775
Epoch5                             20.057740                        6,765.776514
Epoch6                              1.504091                        6,767.280605
Epoch7                              0.000000                        6,767.280605
Epoch8                              5.916194                        6,773.196799
Epoch9                              3.186691                        6,776.383490
Epoch10                             2.955136                        6,779.338626
Epoch11                             0.000000                        6,779.338626
Epoch12                             0.000000                        6,779.338626
Epoch13                             0.000000                        6,779.338626
Epoch14                             0.000000                        6,779.338626
Epoch15                             0.000000                        6,779.338626
