Epoch#                               Rewards                   Total(Cumulative)
Epoch0                          4,359.199238                        4,359.199238
Epoch1                              5.866263                        4,365.065501
Epoch2                              3.864377                        4,368.929878
Epoch3                              0.000000                        4,368.929878
Epoch4                              0.000000                        4,368.929878
Epoch5                              0.000000                        4,368.929878
Epoch6                              0.000000                        4,368.929878
Epoch7                              0.000000                        4,368.929878
Epoch8                              0.000000                        4,368.929878
Epoch9                              0.000000                        4,368.929878
Epoch10                             0.000000                        4,368.929878
Epoch11                             0.000000                        4,368.929878
Epoch12                             0.000000                        4,368.929878
Epoch13                             0.000000                        4,368.929878
Epoch14                             0.000000                        4,368.929878
Epoch15                             0.000000                        4,368.929878
Epoch16                             0.000000                        4,368.929878
