Epoch#                               Rewards                   Total(Cumulative)
Epoch0                          1,164.598816                        1,164.598816
Epoch1                              0.000000                        1,164.598816
Epoch2                              0.000000                        1,164.598816
Epoch3                              0.000000                        1,164.598816
Epoch4                              0.000000                        1,164.598816
Epoch5                              0.000000                        1,164.598816
Epoch6                              0.000000                        1,164.598816
Epoch7                              0.000000                        1,164.598816
Epoch8                              3.678766                        1,168.277582
Epoch9                              0.000000                        1,168.277582
Epoch10                             0.000000                        1,168.277582
Epoch11                             0.000000                        1,168.277582
Epoch12                             0.000000                        1,168.277582
Epoch13                             0.000000                        1,168.277582
Epoch14                             0.000000                        1,168.277582
