Epoch#                               Rewards                   Total(Cumulative)
Epoch0                          4,361.774339                        4,361.774339
Epoch1                              8.984714                        4,370.759053
Epoch2                              0.054617                        4,370.813671
Epoch3                              0.000000                        4,370.813671
Epoch4                              0.126174                        4,370.939845
Epoch5                              3.471422                        4,374.411267
Epoch6                              0.341091                        4,374.752358
Epoch7                              0.000000                        4,374.752358
Epoch8                              0.988350                        4,375.740708
Epoch9                              1.099180                        4,376.839887
Epoch10                             0.830924                        4,377.670811
Epoch11                             0.610633                        4,378.281444
Epoch12                             0.326065                        4,378.607508
Epoch13                             0.000000                        4,378.607508
Epoch14                             0.000000                        4,378.607508
Epoch15                             0.000000                        4,378.607508
Epoch16                             0.000000                        4,378.607508
Epoch17                             0.000000                        4,378.607508
Epoch18                             0.000000                        4,378.607508
Epoch19                             0.000000                        4,378.607508
Epoch20                             0.000000                        4,378.607508
Epoch21                             0.000000                        4,378.607508
Epoch22                             0.000000                        4,378.607508
Epoch23                             0.000000                        4,378.607508
Epoch24                             0.000000                        4,378.607508
Epoch25                             0.000000                        4,378.607508
Epoch26                             0.000000                        4,378.607508
Epoch27                             0.000000                        4,378.607508
Epoch28                             0.000000                        4,378.607508
