Epoch#                               Rewards                   Total(Cumulative)
Epoch0                          1,163.652062                        1,163.652062
Epoch1                              0.000000                        1,163.652062
Epoch2                              0.000000                        1,163.652062
Epoch3                              0.000000                        1,163.652062
Epoch4                              0.000000                        1,163.652062
Epoch5                              0.000000                        1,163.652062
Epoch6                              0.000000                        1,163.652062
Epoch7                              0.000000                        1,163.652062
Epoch8                              0.000000                        1,163.652062
Epoch9                              0.000000                        1,163.652062
Epoch10                             0.000000                        1,163.652062
Epoch11                             0.000000                        1,163.652062
Epoch12                             0.000000                        1,163.652062
Epoch13                             0.000000                        1,163.652062
Epoch14                             0.000000                        1,163.652062
Epoch15                             0.000000                        1,163.652062
Epoch16                             0.000000                        1,163.652062
Epoch17                             0.000000                        1,163.652062
Epoch18                             0.000000                        1,163.652062
Epoch19                             0.000000                        1,163.652062
Epoch20                             0.000000                        1,163.652062
Epoch21                             0.000000                        1,163.652062
Epoch22                             0.000000                        1,163.652062
Epoch23                             0.000000                        1,163.652062
Epoch24                             0.000000                        1,163.652062
Epoch25                             0.000000                        1,163.652062
Epoch26                             0.000000                        1,163.652062
Epoch27                             0.000000                        1,163.652062
