Epoch#                               Rewards                   Total(Cumulative)
Epoch0                          2,153.908855                        2,153.908855
Epoch1                             85.887081                        2,239.795936
Epoch2                              0.000000                        2,239.795936
Epoch3                              0.000000                        2,239.795936
Epoch4                              0.000000                        2,239.795936
Epoch5                              0.000000                        2,239.795936
Epoch6                              0.000000                        2,239.795936
Epoch7                              0.000000                        2,239.795936
Epoch8                              0.000000                        2,239.795936
Epoch9                              0.000000                        2,239.795936
Epoch10                             0.000000                        2,239.795936
Epoch11                             0.000000                        2,239.795936
Epoch12                             0.000000                        2,239.795936
Epoch13                             0.000000                        2,239.795936
Epoch14                             0.000000                        2,239.795936
