Epoch#                               Rewards                   Total(Cumulative)
Epoch0                          1,163.655067                        1,163.655067
Epoch1                              0.000000                        1,163.655067
Epoch2                              0.000000                        1,163.655067
Epoch3                              0.000000                        1,163.655067
Epoch4                              0.000000                        1,163.655067
Epoch5                              0.000000                        1,163.655067
Epoch6                              0.000000                        1,163.655067
Epoch7                              0.000000                        1,163.655067
Epoch8                              0.000000                        1,163.655067
Epoch9                              0.000000                        1,163.655067
Epoch10                             0.000000                        1,163.655067
Epoch11                             0.000000                        1,163.655067
Epoch12                             0.000000                        1,163.655067
Epoch13                             0.000000                        1,163.655067
Epoch14                             0.000000                        1,163.655067
