Epoch#                               Rewards                   Total(Cumulative)
Epoch0                          4,352.877139                        4,352.877139
Epoch1                              0.000000                        4,352.877139
Epoch2                              0.000000                        4,352.877139
Epoch3                              0.000000                        4,352.877139
Epoch4                              0.000000                        4,352.877139
Epoch5                              0.000000                        4,352.877139
Epoch6                              0.000000                        4,352.877139
Epoch7                              0.000000                        4,352.877139
Epoch8                              0.000000                        4,352.877139
Epoch9                              0.000000                        4,352.877139
Epoch10                             0.000000                        4,352.877139
Epoch11                             0.000000                        4,352.877139
Epoch12                             0.000000                        4,352.877139
Epoch13                             0.000000                        4,352.877139
Epoch14                             0.000000                        4,352.877139
Epoch15                             0.000000                        4,352.877139
Epoch16                             0.000000                        4,352.877139
