Epoch#                               Rewards                   Total(Cumulative)
Epoch0                          1,163.756125                        1,163.756125
Epoch1                              0.000000                        1,163.756125
Epoch2                              0.000000                        1,163.756125
Epoch3                              0.000000                        1,163.756125
Epoch4                              0.000000                        1,163.756125
Epoch5                              0.000000                        1,163.756125
Epoch6                              0.000000                        1,163.756125
Epoch7                              0.000000                        1,163.756125
Epoch8                              0.000000                        1,163.756125
Epoch9                              0.000000                        1,163.756125
Epoch10                             0.000000                        1,163.756125
Epoch11                             0.000000                        1,163.756125
Epoch12                             0.000000                        1,163.756125
Epoch13                             0.000000                        1,163.756125
Epoch14                             0.000000                        1,163.756125
