Epoch#                               Rewards                   Total(Cumulative)
Epoch0                          2,131.664914                        2,131.664914
Epoch1                              0.000000                        2,131.664914
Epoch2                              0.000000                        2,131.664914
Epoch3                              0.000000                        2,131.664914
Epoch4                              0.000000                        2,131.664914
Epoch5                              0.000000                        2,131.664914
Epoch6                              0.000000                        2,131.664914
Epoch7                              0.000000                        2,131.664914
Epoch8                              0.000000                        2,131.664914
Epoch9                              0.000000                        2,131.664914
Epoch10                             0.000000                        2,131.664914
Epoch11                             0.000000                        2,131.664914
Epoch12                             0.000000                        2,131.664914
Epoch13                             0.000000                        2,131.664914
Epoch14                             0.000000                        2,131.664914
Epoch15                             0.000000                        2,131.664914
Epoch16                             0.000000                        2,131.664914
Epoch17                             0.000000                        2,131.664914
