Epoch#                               Rewards                   Total(Cumulative)
Epoch0                          1,165.980719                        1,165.980719
Epoch1                              0.593497                        1,166.574216
Epoch2                              0.000000                        1,166.574216
Epoch3                              0.000000                        1,166.574216
Epoch4                              0.000000                        1,166.574216
Epoch5                              0.000000                        1,166.574216
Epoch6                              0.000000                        1,166.574216
Epoch7                              0.000000                        1,166.574216
Epoch8                              0.000000                        1,166.574216
Epoch9                              0.000000                        1,166.574216
Epoch10                             0.000000                        1,166.574216
Epoch11                             0.000000                        1,166.574216
Epoch12                             0.000000                        1,166.574216
Epoch13                             0.000000                        1,166.574216
Epoch14                             0.000000                        1,166.574216
Epoch15                             0.000000                        1,166.574216
