Epoch#                               Rewards                   Total(Cumulative)
Epoch0                          1,163.599210                        1,163.599210
Epoch1                              0.000000                        1,163.599210
Epoch2                              0.000000                        1,163.599210
Epoch3                              0.000000                        1,163.599210
Epoch4                              0.000000                        1,163.599210
Epoch5                              0.000000                        1,163.599210
Epoch6                              0.000000                        1,163.599210
Epoch7                              0.000000                        1,163.599210
Epoch8                              0.000000                        1,163.599210
Epoch9                              0.000000                        1,163.599210
Epoch10                             0.000000                        1,163.599210
Epoch11                             0.000000                        1,163.599210
Epoch12                             0.000000                        1,163.599210
Epoch13                             0.000000                        1,163.599210
Epoch14                             0.000000                        1,163.599210
Epoch15                             0.000000                        1,163.599210
Epoch16                             0.000000                        1,163.599210
Epoch17                             0.000000                        1,163.599210
