Epoch#                               Rewards                   Total(Cumulative)
Epoch0                          1,163.574258                        1,163.574258
Epoch1                              0.171399                        1,163.745658
Epoch2                              0.045685                        1,163.791343
Epoch3                              0.000000                        1,163.791343
Epoch4                              0.000000                        1,163.791343
Epoch5                              0.000000                        1,163.791343
Epoch6                              0.000000                        1,163.791343
Epoch7                              0.000000                        1,163.791343
Epoch8                              0.000000                        1,163.791343
Epoch9                              0.000000                        1,163.791343
Epoch10                             0.000000                        1,163.791343
Epoch11                             0.000000                        1,163.791343
Epoch12                             0.000000                        1,163.791343
Epoch13                             0.000000                        1,163.791343
Epoch14                             0.000000                        1,163.791343
Epoch15                             0.000000                        1,163.791343
Epoch16                             0.000000                        1,163.791343
Epoch17                             0.000000                        1,163.791343
Epoch18                             0.000000                        1,163.791343
Epoch19                             0.000000                        1,163.791343
Epoch20                             0.000000                        1,163.791343
Epoch21                             0.000000                        1,163.791343
Epoch22                             0.000000                        1,163.791343
Epoch23                             0.000000                        1,163.791343
Epoch24                             0.000000                        1,163.791343
Epoch25                             0.000000                        1,163.791343
Epoch26                             0.000000                        1,163.791343
Epoch27                             0.000000                        1,163.791343
Epoch28                             0.000000                        1,163.791343
