Epoch#                               Rewards                   Total(Cumulative)
Epoch0                          1,163.510000                        1,163.510000
Epoch1                              0.000000                        1,163.510000
Epoch2                              0.000000                        1,163.510000
Epoch3                              0.000000                        1,163.510000
Epoch4                              0.000000                        1,163.510000
Epoch5                              0.000000                        1,163.510000
Epoch6                              0.000000                        1,163.510000
Epoch7                              0.000000                        1,163.510000
Epoch8                              0.000000                        1,163.510000
Epoch9                              0.061073                        1,163.571073
Epoch10                             0.000000                        1,163.571073
Epoch11                             0.000000                        1,163.571073
Epoch12                             0.184327                        1,163.755400
Epoch13                             0.000000                        1,163.755400
Epoch14                             0.000000                        1,163.755400
Epoch15                             0.000000                        1,163.755400
Epoch16                             0.000000                        1,163.755400
Epoch17                             0.000000                        1,163.755400
Epoch18                             0.000000                        1,163.755400
Epoch19                             0.000000                        1,163.755400
Epoch20                             0.000000                        1,163.755400
Epoch21                             0.000000                        1,163.755400
Epoch22                             0.000000                        1,163.755400
Epoch23                             0.000000                        1,163.755400
Epoch24                             0.000000                        1,163.755400
Epoch25                             0.000000                        1,163.755400
Epoch26                             0.000000                        1,163.755400
Epoch27                             0.000000                        1,163.755400
Epoch28                             0.247146                        1,164.002546
