Epoch#                               Rewards                   Total(Cumulative)
Epoch0                          1,164.864027                        1,164.864027
Epoch1                              0.000000                        1,164.864027
Epoch2                              0.000000                        1,164.864027
Epoch3                              0.000000                        1,164.864027
Epoch4                              0.000000                        1,164.864027
Epoch5                              0.000000                        1,164.864027
Epoch6                              0.000000                        1,164.864027
Epoch7                              0.000000                        1,164.864027
Epoch8                              0.000000                        1,164.864027
Epoch9                              0.000000                        1,164.864027
Epoch10                             0.000000                        1,164.864027
Epoch11                             0.000000                        1,164.864027
Epoch12                             0.000000                        1,164.864027
Epoch13                             0.000000                        1,164.864027
Epoch14                             0.000000                        1,164.864027
Epoch15                             0.000000                        1,164.864027
Epoch16                             0.000000                        1,164.864027
Epoch17                             0.000000                        1,164.864027
Epoch18                             0.000000                        1,164.864027
Epoch19                             0.000000                        1,164.864027
Epoch20                             0.000000                        1,164.864027
Epoch21                             0.000000                        1,164.864027
Epoch22                             0.000000                        1,164.864027
Epoch23                             0.000000                        1,164.864027
Epoch24                             0.000000                        1,164.864027
Epoch25                             0.000000                        1,164.864027
Epoch26                             0.000000                        1,164.864027
Epoch27                             0.000000                        1,164.864027
Epoch28                             0.000000                        1,164.864027
