Epoch#                               Rewards                   Total(Cumulative)
Epoch0                          1,163.525684                        1,163.525684
Epoch1                              0.000000                        1,163.525684
Epoch2                              0.000000                        1,163.525684
Epoch3                              0.000000                        1,163.525684
Epoch4                              0.000000                        1,163.525684
Epoch5                              0.000000                        1,163.525684
Epoch6                              0.000000                        1,163.525684
Epoch7                              0.000000                        1,163.525684
Epoch8                              0.000000                        1,163.525684
Epoch9                              0.000000                        1,163.525684
Epoch10                             0.000000                        1,163.525684
Epoch11                             0.000000                        1,163.525684
Epoch12                             0.000000                        1,163.525684
Epoch13                             0.000000                        1,163.525684
Epoch14                             0.000000                        1,163.525684
