Epoch#                               Rewards                   Total(Cumulative)
Epoch0                         10,703.631327                       10,703.631327
Epoch1                            169.338930                       10,872.970258
Epoch2                            151.141719                       11,024.111977
Epoch3                            370.175031                       11,394.287008
Epoch4                            260.509560                       11,654.796568
Epoch5                              1.296366                       11,656.092934
Epoch6                              0.000000                       11,656.092934
Epoch7                              0.000000                       11,656.092934
Epoch8                              0.000000                       11,656.092934
Epoch9                              0.000000                       11,656.092934
Epoch10                             0.000000                       11,656.092934
Epoch11                             0.000000                       11,656.092934
Epoch12                             0.000000                       11,656.092934
Epoch13                             0.000000                       11,656.092934
Epoch14                             0.000000                       11,656.092934
Epoch15                             0.000000                       11,656.092934
Epoch16                             0.000000                       11,656.092934
