Epoch#                               Rewards                   Total(Cumulative)
Epoch0                          4,349.630000                        4,349.630000
Epoch1                             57.915773                        4,407.545773
Epoch2                              4.914429                        4,412.460202
Epoch3                              8.139254                        4,420.599456
Epoch4                              0.000000                        4,420.599456
Epoch5                              0.000000                        4,420.599456
Epoch6                              0.000000                        4,420.599456
Epoch7                              0.000000                        4,420.599456
Epoch8                              0.000000                        4,420.599456
Epoch9                              0.000000                        4,420.599456
Epoch10                             0.000000                        4,420.599456
Epoch11                             0.000000                        4,420.599456
Epoch12                             0.000000                        4,420.599456
Epoch13                             0.000000                        4,420.599456
Epoch14                             0.000000                        4,420.599456
