Epoch#                               Rewards                   Total(Cumulative)
Epoch0                          4,362.234284                        4,362.234284
Epoch1                              0.000000                        4,362.234284
Epoch2                              0.000000                        4,362.234284
Epoch3                              0.000000                        4,362.234284
Epoch4                              0.000000                        4,362.234284
Epoch5                              0.000000                        4,362.234284
Epoch6                              0.000000                        4,362.234284
Epoch7                              0.000000                        4,362.234284
Epoch8                              0.000000                        4,362.234284
Epoch9                              0.000000                        4,362.234284
Epoch10                             0.000000                        4,362.234284
Epoch11                             0.000000                        4,362.234284
Epoch12                             0.000000                        4,362.234284
Epoch13                             0.000000                        4,362.234284
Epoch14                             0.000000                        4,362.234284
