Epoch#                               Rewards                   Total(Cumulative)
Epoch0                          1,164.571836                        1,164.571836
Epoch1                              0.000000                        1,164.571836
Epoch2                              0.000000                        1,164.571836
Epoch3                              0.000000                        1,164.571836
Epoch4                              0.000000                        1,164.571836
Epoch5                              0.000000                        1,164.571836
Epoch6                              0.000000                        1,164.571836
Epoch7                              0.000000                        1,164.571836
Epoch8                              0.000000                        1,164.571836
Epoch9                              0.000000                        1,164.571836
Epoch10                             0.000000                        1,164.571836
Epoch11                             0.000000                        1,164.571836
Epoch12                             0.000000                        1,164.571836
Epoch13                             0.000000                        1,164.571836
Epoch14                             0.000000                        1,164.571836
Epoch15                             0.000000                        1,164.571836
Epoch16                             0.000000                        1,164.571836
Epoch17                             0.000000                        1,164.571836
Epoch18                             0.000000                        1,164.571836
Epoch19                             0.000000                        1,164.571836
Epoch20                             0.000000                        1,164.571836
Epoch21                             0.000000                        1,164.571836
Epoch22                             0.000000                        1,164.571836
Epoch23                             0.000000                        1,164.571836
Epoch24                             0.000000                        1,164.571836
Epoch25                             0.000000                        1,164.571836
Epoch26                             0.000000                        1,164.571836
Epoch27                             0.000000                        1,164.571836
Epoch28                             0.000000                        1,164.571836
