Epoch#                               Rewards                   Total(Cumulative)
Epoch0                              0.000000                            0.000000
Epoch1                              0.000000                            0.000000
Epoch2                              0.000000                            0.000000
Epoch3                              0.000000                            0.000000
Epoch4                              0.000000                            0.000000
Epoch5                              0.000000                            0.000000
Epoch6                              0.000000                            0.000000
Epoch7                              0.000000                            0.000000
Epoch8                              0.000000                            0.000000
Epoch9                              0.000000                            0.000000
Epoch10                             0.000000                            0.000000
Epoch11                             0.000000                            0.000000
Epoch12                             0.000000                            0.000000
Epoch13                           317.011959                          317.011959
Epoch14                           338.506328                          655.518286
Epoch15                           405.966009                        1,061.484296
Epoch16                           791.793662                        1,853.277958
Epoch17                           338.755324                        2,192.033282
Epoch18                           868.058573                        3,060.091855
Epoch19                         1,820.947292                        4,881.039146
Epoch20                           860.465006                        5,741.504153
Epoch21                           455.570646                        6,197.074799
Epoch22                         5,840.234351                       12,037.309150
Epoch23                        60,395.403030                       72,432.712180
Epoch24                        57,173.990149                      129,606.702328
Epoch25                        35,724.837624                      165,331.539952
Epoch26                        10,948.624620                      176,280.164572
Epoch27                         8,300.081489                      184,580.246061
