Epoch#                               Rewards                   Total(Cumulative)
Epoch0                          1,163.510000                        1,163.510000
Epoch1                              0.000000                        1,163.510000
Epoch2                              0.000000                        1,163.510000
Epoch3                              0.025280                        1,163.535280
Epoch4                              0.000000                        1,163.535280
Epoch5                              0.000000                        1,163.535280
Epoch6                              0.000000                        1,163.535280
Epoch7                              0.052373                        1,163.587652
Epoch8                              0.000000                        1,163.587652
Epoch9                              0.000000                        1,163.587652
Epoch10                             0.000000                        1,163.587652
Epoch11                             0.000000                        1,163.587652
Epoch12                             0.000000                        1,163.587652
Epoch13                             0.000000                        1,163.587652
Epoch14                             0.000000                        1,163.587652
Epoch15                             0.000000                        1,163.587652
Epoch16                             0.000000                        1,163.587652
Epoch17                             0.000000                        1,163.587652
Epoch18                             0.000000                        1,163.587652
Epoch19                             0.000000                        1,163.587652
Epoch20                             0.000000                        1,163.587652
Epoch21                             0.000000                        1,163.587652
Epoch22                             0.000000                        1,163.587652
Epoch23                             0.000000                        1,163.587652
Epoch24                             0.000000                        1,163.587652
Epoch25                             0.000000                        1,163.587652
Epoch26                             0.000000                        1,163.587652
Epoch27                             0.000000                        1,163.587652
Epoch28                             0.000000                        1,163.587652
Epoch29                             0.000000                        1,163.587652
Epoch30                             0.000000                        1,163.587652
