Epoch#                               Rewards                   Total(Cumulative)
Epoch0                          1,163.761888                        1,163.761888
Epoch1                              0.023682                        1,163.785570
Epoch2                              0.055766                        1,163.841336
Epoch3                              0.288972                        1,164.130308
Epoch4                              0.000000                        1,164.130308
Epoch5                              0.668556                        1,164.798864
Epoch6                              0.000000                        1,164.798864
Epoch7                              0.000000                        1,164.798864
Epoch8                              0.000000                        1,164.798864
Epoch9                              0.000000                        1,164.798864
Epoch10                             0.000000                        1,164.798864
Epoch11                             0.000000                        1,164.798864
Epoch12                             0.015494                        1,164.814358
Epoch13                             0.000000                        1,164.814358
Epoch14                             0.000000                        1,164.814358
Epoch15                             0.000000                        1,164.814358
Epoch16                             0.000000                        1,164.814358
Epoch17                             0.000000                        1,164.814358
Epoch18                             0.000000                        1,164.814358
Epoch19                             0.000000                        1,164.814358
Epoch20                             0.000000                        1,164.814358
Epoch21                             0.000000                        1,164.814358
Epoch22                             0.000000                        1,164.814358
Epoch23                             0.000000                        1,164.814358
Epoch24                             0.000000                        1,164.814358
Epoch25                             0.000000                        1,164.814358
Epoch26                             0.000000                        1,164.814358
Epoch27                             0.000000                        1,164.814358
Epoch28                             0.000000                        1,164.814358
Epoch29                             0.000000                        1,164.814358
Epoch30                             0.000000                        1,164.814358
