Epoch#                               Rewards                   Total(Cumulative)
Epoch0                          1,171.103304                        1,171.103304
Epoch1                              0.141646                        1,171.244950
Epoch2                              0.000000                        1,171.244950
Epoch3                              0.000000                        1,171.244950
Epoch4                              0.000000                        1,171.244950
Epoch5                              0.000000                        1,171.244950
Epoch6                              0.000000                        1,171.244950
Epoch7                              0.000000                        1,171.244950
Epoch8                              0.000000                        1,171.244950
Epoch9                              0.000000                        1,171.244950
Epoch10                             0.000000                        1,171.244950
Epoch11                             0.000000                        1,171.244950
Epoch12                             0.000000                        1,171.244950
Epoch13                             0.000000                        1,171.244950
Epoch14                             0.000000                        1,171.244950
