Epoch#                               Rewards                   Total(Cumulative)
Epoch0                          4,350.126072                        4,350.126072
Epoch1                              0.000000                        4,350.126072
Epoch2                              0.000000                        4,350.126072
Epoch3                              0.000000                        4,350.126072
Epoch4                              0.000000                        4,350.126072
Epoch5                              0.000000                        4,350.126072
Epoch6                              0.000000                        4,350.126072
Epoch7                              0.000000                        4,350.126072
Epoch8                              0.000000                        4,350.126072
Epoch9                              0.000000                        4,350.126072
Epoch10                             0.000000                        4,350.126072
Epoch11                             0.000000                        4,350.126072
Epoch12                             0.000000                        4,350.126072
Epoch13                             0.000000                        4,350.126072
Epoch14                             0.000000                        4,350.126072
