Epoch#                               Rewards                   Total(Cumulative)
Epoch0                          4,351.813796                        4,351.813796
Epoch1                              0.000000                        4,351.813796
Epoch2                              0.000000                        4,351.813796
Epoch3                              0.000000                        4,351.813796
Epoch4                              0.000000                        4,351.813796
Epoch5                              0.000000                        4,351.813796
Epoch6                              0.000000                        4,351.813796
Epoch7                              0.000000                        4,351.813796
Epoch8                              0.000000                        4,351.813796
Epoch9                              0.000000                        4,351.813796
Epoch10                             0.000000                        4,351.813796
Epoch11                             0.000000                        4,351.813796
Epoch12                             0.000000                        4,351.813796
Epoch13                             0.000000                        4,351.813796
Epoch14                             0.000000                        4,351.813796
Epoch15                             0.000000                        4,351.813796
