Epoch#                               Rewards                   Total(Cumulative)
Epoch0                          9,549.832744                        9,549.832744
Epoch1                              0.000000                        9,549.832744
Epoch2                              0.000000                        9,549.832744
Epoch3                              0.000000                        9,549.832744
Epoch4                              0.000000                        9,549.832744
Epoch5                              0.000000                        9,549.832744
Epoch6                              0.000000                        9,549.832744
Epoch7                              0.000000                        9,549.832744
Epoch8                              0.000000                        9,549.832744
Epoch9                              0.000000                        9,549.832744
Epoch10                             0.000000                        9,549.832744
Epoch11                             0.000000                        9,549.832744
Epoch12                             0.000000                        9,549.832744
Epoch13                             0.000000                        9,549.832744
Epoch14                             0.000000                        9,549.832744
Epoch15                             0.000000                        9,549.832744
