Epoch#                               Rewards                   Total(Cumulative)
Epoch0                          1,163.510000                        1,163.510000
Epoch1                              0.000000                        1,163.510000
Epoch2                              0.000000                        1,163.510000
Epoch3                              0.000000                        1,163.510000
Epoch4                              0.195775                        1,163.705775
Epoch5                              0.374870                        1,164.080644
Epoch6                              0.000000                        1,164.080644
Epoch7                              0.000000                        1,164.080644
Epoch8                              0.000000                        1,164.080644
Epoch9                              0.000000                        1,164.080644
Epoch10                             1.771635                        1,165.852279
Epoch11                             0.000000                        1,165.852279
Epoch12                             0.000000                        1,165.852279
Epoch13                             0.000000                        1,165.852279
Epoch14                             0.000000                        1,165.852279
Epoch15                             0.000000                        1,165.852279
Epoch16                             0.000000                        1,165.852279
Epoch17                             0.000000                        1,165.852279
Epoch18                             0.000000                        1,165.852279
Epoch19                             0.000000                        1,165.852279
Epoch20                             0.000000                        1,165.852279
Epoch21                             0.000000                        1,165.852279
Epoch22                             0.000000                        1,165.852279
Epoch23                             0.000000                        1,165.852279
Epoch24                             0.000000                        1,165.852279
Epoch25                             0.000000                        1,165.852279
Epoch26                             0.000000                        1,165.852279
Epoch27                             0.000000                        1,165.852279
Epoch28                             0.000000                        1,165.852279
Epoch29                             0.000000                        1,165.852279
