Epoch#                               Rewards                   Total(Cumulative)
Epoch0                          1,163.609236                        1,163.609236
Epoch1                              0.000000                        1,163.609236
Epoch2                              0.000000                        1,163.609236
Epoch3                              0.000000                        1,163.609236
Epoch4                              0.000000                        1,163.609236
Epoch5                              0.000000                        1,163.609236
Epoch6                              0.000000                        1,163.609236
Epoch7                              0.000000                        1,163.609236
Epoch8                              0.000000                        1,163.609236
Epoch9                              0.000000                        1,163.609236
Epoch10                             0.000000                        1,163.609236
Epoch11                             0.000000                        1,163.609236
Epoch12                             0.000000                        1,163.609236
Epoch13                             0.000000                        1,163.609236
Epoch14                             0.000000                        1,163.609236
Epoch15                             0.000000                        1,163.609236
Epoch16                             0.000000                        1,163.609236
Epoch17                             0.000000                        1,163.609236
Epoch18                             0.000000                        1,163.609236
Epoch19                             0.000000                        1,163.609236
Epoch20                             0.000000                        1,163.609236
Epoch21                             0.000000                        1,163.609236
Epoch22                             0.000000                        1,163.609236
Epoch23                             0.000000                        1,163.609236
Epoch24                             0.000000                        1,163.609236
Epoch25                             0.000000                        1,163.609236
Epoch26                             0.000000                        1,163.609236
Epoch27                             0.000000                        1,163.609236
Epoch28                             0.000000                        1,163.609236
Epoch29                             0.000000                        1,163.609236
Epoch30                             0.000000                        1,163.609236
Epoch31                             0.000000                        1,163.609236
