Epoch#                               Rewards                   Total(Cumulative)
Epoch0                          1,167.993223                        1,167.993223
Epoch1                              0.000000                        1,167.993223
Epoch2                              0.000000                        1,167.993223
Epoch3                              0.000000                        1,167.993223
Epoch4                              0.000000                        1,167.993223
Epoch5                              0.000000                        1,167.993223
Epoch6                              0.000000                        1,167.993223
Epoch7                              0.000000                        1,167.993223
Epoch8                              0.000000                        1,167.993223
Epoch9                              0.000000                        1,167.993223
Epoch10                             0.000000                        1,167.993223
Epoch11                             0.000000                        1,167.993223
Epoch12                             0.000000                        1,167.993223
Epoch13                             0.000000                        1,167.993223
Epoch14                             0.000000                        1,167.993223
Epoch15                             0.000000                        1,167.993223
Epoch16                             0.000000                        1,167.993223
Epoch17                             0.000000                        1,167.993223
