Epoch#                               Rewards                   Total(Cumulative)
Epoch0                         24,666.755603                       24,666.755603
Epoch1                              0.000000                       24,666.755603
Epoch2                              0.000000                       24,666.755603
Epoch3                              0.000000                       24,666.755603
Epoch4                              0.000000                       24,666.755603
Epoch5                              0.000000                       24,666.755603
Epoch6                              0.000000                       24,666.755603
Epoch7                              0.000000                       24,666.755603
Epoch8                              0.000000                       24,666.755603
Epoch9                              0.000000                       24,666.755603
Epoch10                             0.000000                       24,666.755603
Epoch11                             0.000000                       24,666.755603
Epoch12                             0.000000                       24,666.755603
Epoch13                             0.000000                       24,666.755603
Epoch14                             0.000000                       24,666.755603
Epoch15                             0.000000                       24,666.755603
Epoch16                             0.000000                       24,666.755603
Epoch17                             0.000000                       24,666.755603
Epoch18                             0.000000                       24,666.755603
Epoch19                             0.000000                       24,666.755603
Epoch20                             0.000000                       24,666.755603
Epoch21                             0.000000                       24,666.755603
Epoch22                             0.000000                       24,666.755603
Epoch23                             0.000000                       24,666.755603
Epoch24                             0.000000                       24,666.755603
Epoch25                             0.000000                       24,666.755603
Epoch26                             0.000000                       24,666.755603
Epoch27                             0.000000                       24,666.755603
Epoch28                             0.000000                       24,666.755603
Epoch29                             0.000000                       24,666.755603
Epoch30                             0.000000                       24,666.755603
