Epoch#                               Rewards                   Total(Cumulative)
Epoch0                          6,572.993111                        6,572.993111
Epoch1                              0.000000                        6,572.993111
Epoch2                              0.000000                        6,572.993111
Epoch3                              0.000000                        6,572.993111
Epoch4                              0.000000                        6,572.993111
Epoch5                              0.000000                        6,572.993111
Epoch6                              0.000000                        6,572.993111
Epoch7                              0.000000                        6,572.993111
Epoch8                              0.000000                        6,572.993111
Epoch9                              0.000000                        6,572.993111
Epoch10                             0.000000                        6,572.993111
Epoch11                             0.000000                        6,572.993111
Epoch12                             0.000000                        6,572.993111
Epoch13                             0.000000                        6,572.993111
Epoch14                             0.000000                        6,572.993111
Epoch15                             0.000000                        6,572.993111
Epoch16                             0.000000                        6,572.993111
Epoch17                             0.000000                        6,572.993111
