Epoch#                               Rewards                   Total(Cumulative)
Epoch0                          1,163.978838                        1,163.978838
Epoch1                              0.000000                        1,163.978838
Epoch2                              0.000000                        1,163.978838
Epoch3                              0.000000                        1,163.978838
Epoch4                              0.000000                        1,163.978838
Epoch5                              0.000000                        1,163.978838
Epoch6                              0.000000                        1,163.978838
Epoch7                              0.000000                        1,163.978838
Epoch8                              0.000000                        1,163.978838
Epoch9                              0.000000                        1,163.978838
Epoch10                             0.000000                        1,163.978838
Epoch11                             0.000000                        1,163.978838
Epoch12                             0.000000                        1,163.978838
Epoch13                             0.000000                        1,163.978838
Epoch14                             0.000000                        1,163.978838
Epoch15                             0.000000                        1,163.978838
Epoch16                             0.000000                        1,163.978838
Epoch17                             0.000000                        1,163.978838
Epoch18                             0.000000                        1,163.978838
Epoch19                             0.000000                        1,163.978838
Epoch20                             0.000000                        1,163.978838
Epoch21                             0.000000                        1,163.978838
Epoch22                             0.000000                        1,163.978838
Epoch23                             0.000000                        1,163.978838
Epoch24                             0.000000                        1,163.978838
Epoch25                             0.000000                        1,163.978838
Epoch26                             0.000000                        1,163.978838
Epoch27                             0.000000                        1,163.978838
Epoch28                             0.000000                        1,163.978838
Epoch29                             0.000000                        1,163.978838
