Epoch#                               Rewards                   Total(Cumulative)
Epoch0                          1,165.094379                        1,165.094379
Epoch1                              0.000000                        1,165.094379
Epoch2                              0.000000                        1,165.094379
Epoch3                              0.000000                        1,165.094379
Epoch4                              0.000000                        1,165.094379
Epoch5                              0.000000                        1,165.094379
Epoch6                              0.000000                        1,165.094379
Epoch7                              0.000000                        1,165.094379
Epoch8                              0.000000                        1,165.094379
Epoch9                              0.000000                        1,165.094379
Epoch10                             0.000000                        1,165.094379
Epoch11                             0.000000                        1,165.094379
Epoch12                             0.000000                        1,165.094379
Epoch13                             0.000000                        1,165.094379
Epoch14                             0.000000                        1,165.094379
Epoch15                             0.000000                        1,165.094379
Epoch16                             0.000000                        1,165.094379
Epoch17                             0.000000                        1,165.094379
