Epoch#                               Rewards                   Total(Cumulative)
Epoch0                          6,668.482725                        6,668.482725
Epoch1                            237.816147                        6,906.298872
Epoch2                             98.997747                        7,005.296619
Epoch3                            131.073931                        7,136.370550
Epoch4                            106.022283                        7,242.392833
Epoch5                              8.064837                        7,250.457670
Epoch6                              1.838082                        7,252.295752
Epoch7                              0.000000                        7,252.295752
Epoch8                              0.000000                        7,252.295752
Epoch9                              0.000000                        7,252.295752
Epoch10                             0.000000                        7,252.295752
Epoch11                             0.000000                        7,252.295752
Epoch12                             0.000000                        7,252.295752
Epoch13                             0.000000                        7,252.295752
Epoch14                             0.000000                        7,252.295752
