Epoch#                               Rewards                   Total(Cumulative)
Epoch0                          1,163.657578                        1,163.657578
Epoch1                              0.000000                        1,163.657578
Epoch2                              0.000000                        1,163.657578
Epoch3                              0.000000                        1,163.657578
Epoch4                              0.000000                        1,163.657578
Epoch5                              0.000000                        1,163.657578
Epoch6                              0.000000                        1,163.657578
Epoch7                              0.000000                        1,163.657578
Epoch8                              0.000000                        1,163.657578
Epoch9                              0.000000                        1,163.657578
Epoch10                             0.000000                        1,163.657578
Epoch11                             0.000000                        1,163.657578
Epoch12                             0.000000                        1,163.657578
Epoch13                             0.000000                        1,163.657578
Epoch14                             0.000000                        1,163.657578
Epoch15                             0.000000                        1,163.657578
