Epoch#                               Rewards                   Total(Cumulative)
Epoch0                              0.000000                            0.000000
Epoch1                              0.000000                            0.000000
Epoch2                              0.000000                            0.000000
Epoch3                              0.000000                            0.000000
Epoch4                            293.082965                          293.082965
Epoch5                            255.746110                          548.829075
Epoch6                          3,291.400138                        3,840.229213
Epoch7                          3,540.430771                        7,380.659984
Epoch8                            317.558924                        7,698.218907
Epoch9                              0.000000                        7,698.218907
Epoch10                             0.000000                        7,698.218907
Epoch11                             0.000000                        7,698.218907
Epoch12                             0.000000                        7,698.218907
Epoch13                             0.000000                        7,698.218907
Epoch14                             0.000000                        7,698.218907
Epoch15                             0.000000                        7,698.218907
Epoch16                             0.000000                        7,698.218907
Epoch17                             0.000000                        7,698.218907
Epoch18                             0.000000                        7,698.218907
Epoch19                             0.000000                        7,698.218907
Epoch20                             0.000000                        7,698.218907
Epoch21                             0.000000                        7,698.218907
Epoch22                             0.000000                        7,698.218907
Epoch23                             0.000000                        7,698.218907
Epoch24                             0.000000                        7,698.218907
Epoch25                             0.000000                        7,698.218907
Epoch26                             0.000000                        7,698.218907
Epoch27                             0.000000                        7,698.218907
Epoch28                             0.000000                        7,698.218907
