Epoch#                               Rewards                   Total(Cumulative)
Epoch0                          1,164.937779                        1,164.937779
Epoch1                              0.000000                        1,164.937779
Epoch2                              0.000000                        1,164.937779
Epoch3                              0.000000                        1,164.937779
Epoch4                              0.000000                        1,164.937779
Epoch5                              0.000000                        1,164.937779
Epoch6                              0.000000                        1,164.937779
Epoch7                              0.000000                        1,164.937779
Epoch8                              0.000000                        1,164.937779
Epoch9                              0.000000                        1,164.937779
Epoch10                             0.000000                        1,164.937779
Epoch11                             0.000000                        1,164.937779
Epoch12                             0.000000                        1,164.937779
Epoch13                             0.000000                        1,164.937779
Epoch14                             0.000000                        1,164.937779
Epoch15                             0.000000                        1,164.937779
Epoch16                             0.000000                        1,164.937779
Epoch17                             0.000000                        1,164.937779
Epoch18                             0.000000                        1,164.937779
Epoch19                             0.000000                        1,164.937779
Epoch20                             0.000000                        1,164.937779
Epoch21                             0.000000                        1,164.937779
Epoch22                             0.000000                        1,164.937779
Epoch23                             0.000000                        1,164.937779
Epoch24                             0.000000                        1,164.937779
Epoch25                             0.000000                        1,164.937779
Epoch26                             0.000000                        1,164.937779
Epoch27                             0.000000                        1,164.937779
