Epoch#                               Rewards                   Total(Cumulative)
Epoch0                          6,418.403119                        6,418.403119
Epoch1                              0.000000                        6,418.403119
Epoch2                              1.310709                        6,419.713828
Epoch3                              4.689481                        6,424.403309
Epoch4                              2.715097                        6,427.118406
Epoch5                              3.288310                        6,430.406716
Epoch6                              0.567928                        6,430.974644
Epoch7                              0.000000                        6,430.974644
Epoch8                              0.000000                        6,430.974644
Epoch9                              0.000000                        6,430.974644
Epoch10                             0.000000                        6,430.974644
Epoch11                             0.000000                        6,430.974644
Epoch12                             0.000000                        6,430.974644
Epoch13                             0.000000                        6,430.974644
Epoch14                             0.000000                        6,430.974644
Epoch15                             0.000000                        6,430.974644
Epoch16                             0.000000                        6,430.974644
Epoch17                             0.000000                        6,430.974644
Epoch18                             0.000000                        6,430.974644
Epoch19                             0.000000                        6,430.974644
Epoch20                             0.000000                        6,430.974644
Epoch21                             0.000000                        6,430.974644
Epoch22                             0.000000                        6,430.974644
Epoch23                             0.000000                        6,430.974644
Epoch24                             0.000000                        6,430.974644
Epoch25                             0.000000                        6,430.974644
Epoch26                             0.000000                        6,430.974644
Epoch27                             0.000000                        6,430.974644
Epoch28                             0.000000                        6,430.974644
Epoch29                             0.000000                        6,430.974644
Epoch30                             0.000000                        6,430.974644
Epoch31                             0.000000                        6,430.974644
