Epoch#                               Rewards                   Total(Cumulative)
Epoch0                          1,176.172512                        1,176.172512
Epoch1                              0.612178                        1,176.784690
Epoch2                              0.000000                        1,176.784690
Epoch3                              0.000000                        1,176.784690
Epoch4                              0.000000                        1,176.784690
Epoch5                              0.000000                        1,176.784690
Epoch6                              0.000000                        1,176.784690
Epoch7                              0.000000                        1,176.784690
Epoch8                              0.000000                        1,176.784690
Epoch9                              0.000000                        1,176.784690
Epoch10                             0.000000                        1,176.784690
Epoch11                             0.000000                        1,176.784690
Epoch12                             0.000000                        1,176.784690
Epoch13                             0.000000                        1,176.784690
Epoch14                             0.000000                        1,176.784690
