Epoch#                               Rewards                   Total(Cumulative)
Epoch0                          1,163.510000                        1,163.510000
Epoch1                              0.000000                        1,163.510000
Epoch2                              0.000000                        1,163.510000
Epoch3                              0.000000                        1,163.510000
Epoch4                              0.000000                        1,163.510000
Epoch5                              0.000000                        1,163.510000
Epoch6                              0.000000                        1,163.510000
Epoch7                              0.000000                        1,163.510000
Epoch8                              0.000000                        1,163.510000
Epoch9                             19.910931                        1,183.420931
Epoch10                           208.457510                        1,391.878441
Epoch11                             0.000000                        1,391.878441
Epoch12                             0.000000                        1,391.878441
Epoch13                             0.000000                        1,391.878441
Epoch14                             0.000000                        1,391.878441
Epoch15                             0.000000                        1,391.878441
Epoch16                             0.000000                        1,391.878441
Epoch17                             0.000000                        1,391.878441
Epoch18                             0.000000                        1,391.878441
Epoch19                             0.000000                        1,391.878441
Epoch20                             0.000000                        1,391.878441
Epoch21                             0.000000                        1,391.878441
Epoch22                             0.000000                        1,391.878441
Epoch23                             0.000000                        1,391.878441
Epoch24                             0.000000                        1,391.878441
Epoch25                             0.000000                        1,391.878441
Epoch26                             0.000000                        1,391.878441
Epoch27                             0.000000                        1,391.878441
Epoch28                             0.000000                        1,391.878441
