Epoch#                               Rewards                   Total(Cumulative)
Epoch0                          4,350.252574                        4,350.252574
Epoch1                              0.000000                        4,350.252574
Epoch2                              0.000000                        4,350.252574
Epoch3                              0.000000                        4,350.252574
Epoch4                              0.000000                        4,350.252574
Epoch5                              0.000000                        4,350.252574
Epoch6                              0.000000                        4,350.252574
Epoch7                              0.000000                        4,350.252574
Epoch8                              0.000000                        4,350.252574
Epoch9                              0.000000                        4,350.252574
Epoch10                             0.000000                        4,350.252574
Epoch11                             0.000000                        4,350.252574
Epoch12                             0.000000                        4,350.252574
Epoch13                             0.000000                        4,350.252574
Epoch14                             0.000000                        4,350.252574
Epoch15                             0.000000                        4,350.252574
Epoch16                             0.000000                        4,350.252574
Epoch17                             0.000000                        4,350.252574
Epoch18                             0.000000                        4,350.252574
Epoch19                             0.000000                        4,350.252574
Epoch20                             0.000000                        4,350.252574
Epoch21                             0.000000                        4,350.252574
Epoch22                             0.000000                        4,350.252574
Epoch23                             0.000000                        4,350.252574
Epoch24                             0.000000                        4,350.252574
Epoch25                             0.000000                        4,350.252574
Epoch26                             0.000000                        4,350.252574
Epoch27                             0.000000                        4,350.252574
Epoch28                             0.000000                        4,350.252574
Epoch29                             0.000000                        4,350.252574
Epoch30                             0.000000                        4,350.252574
