Epoch#                               Rewards                   Total(Cumulative)
Epoch0                          1,163.662083                        1,163.662083
Epoch1                              0.000000                        1,163.662083
Epoch2                              0.000000                        1,163.662083
Epoch3                              0.000000                        1,163.662083
Epoch4                              0.000000                        1,163.662083
Epoch5                              0.000000                        1,163.662083
Epoch6                              0.000000                        1,163.662083
Epoch7                              0.000000                        1,163.662083
Epoch8                              0.000000                        1,163.662083
Epoch9                              0.000000                        1,163.662083
Epoch10                             0.000000                        1,163.662083
Epoch11                             0.000000                        1,163.662083
Epoch12                             0.000000                        1,163.662083
Epoch13                             0.000000                        1,163.662083
Epoch14                             0.000000                        1,163.662083
Epoch15                             0.000000                        1,163.662083
Epoch16                             0.000000                        1,163.662083
Epoch17                             0.000000                        1,163.662083
