Epoch#                               Rewards                   Total(Cumulative)
Epoch0                          6,417.877479                        6,417.877479
Epoch1                              0.000000                        6,417.877479
Epoch2                              0.000000                        6,417.877479
Epoch3                              0.000000                        6,417.877479
Epoch4                              0.000000                        6,417.877479
Epoch5                              0.000000                        6,417.877479
Epoch6                              0.000000                        6,417.877479
Epoch7                              0.000000                        6,417.877479
Epoch8                              0.000000                        6,417.877479
Epoch9                              0.000000                        6,417.877479
Epoch10                             0.000000                        6,417.877479
Epoch11                             0.000000                        6,417.877479
Epoch12                             0.000000                        6,417.877479
Epoch13                             0.000000                        6,417.877479
Epoch14                             0.000000                        6,417.877479
