Epoch#                               Rewards                   Total(Cumulative)
Epoch0                          1,169.666166                        1,169.666166
Epoch1                              0.135063                        1,169.801229
Epoch2                              0.000000                        1,169.801229
Epoch3                              0.000000                        1,169.801229
Epoch4                              0.000000                        1,169.801229
Epoch5                              0.105747                        1,169.906975
Epoch6                              2.212401                        1,172.119376
Epoch7                              0.997126                        1,173.116502
Epoch8                              0.000000                        1,173.116502
Epoch9                              1.050277                        1,174.166779
Epoch10                             1.018811                        1,175.185590
Epoch11                             1.188441                        1,176.374031
Epoch12                             0.000000                        1,176.374031
Epoch13                             0.000000                        1,176.374031
Epoch14                             0.000000                        1,176.374031
Epoch15                             0.000000                        1,176.374031
Epoch16                             0.000000                        1,176.374031
Epoch17                             0.000000                        1,176.374031
Epoch18                             0.000000                        1,176.374031
Epoch19                             0.000000                        1,176.374031
Epoch20                             0.000000                        1,176.374031
Epoch21                             0.000000                        1,176.374031
Epoch22                             0.000000                        1,176.374031
Epoch23                             0.000000                        1,176.374031
Epoch24                             0.000000                        1,176.374031
Epoch25                             0.000000                        1,176.374031
Epoch26                             0.000000                        1,176.374031
Epoch27                             0.000000                        1,176.374031
Epoch28                             0.000000                        1,176.374031
Epoch29                             0.000000                        1,176.374031
Epoch30                             0.000000                        1,176.374031
