Epoch#                               Rewards                   Total(Cumulative)
Epoch0                          1,179.473115                        1,179.473115
Epoch1                              0.000000                        1,179.473115
Epoch2                              0.000000                        1,179.473115
Epoch3                              0.000000                        1,179.473115
Epoch4                              0.000000                        1,179.473115
Epoch5                              0.000000                        1,179.473115
Epoch6                              0.000000                        1,179.473115
Epoch7                              0.000000                        1,179.473115
Epoch8                              0.000000                        1,179.473115
Epoch9                              0.000000                        1,179.473115
Epoch10                             0.000000                        1,179.473115
Epoch11                             0.000000                        1,179.473115
Epoch12                             0.000000                        1,179.473115
Epoch13                             0.000000                        1,179.473115
Epoch14                             0.000000                        1,179.473115
Epoch15                             0.000000                        1,179.473115
Epoch16                             0.000000                        1,179.473115
Epoch17                             0.000000                        1,179.473115
