Epoch#                               Rewards                   Total(Cumulative)
Epoch0                          1,163.570861                        1,163.570861
Epoch1                              0.000000                        1,163.570861
Epoch2                              0.000000                        1,163.570861
Epoch3                              0.000000                        1,163.570861
Epoch4                              0.000000                        1,163.570861
Epoch5                              0.000000                        1,163.570861
Epoch6                              0.000000                        1,163.570861
Epoch7                              0.000000                        1,163.570861
Epoch8                              0.000000                        1,163.570861
Epoch9                              0.000000                        1,163.570861
Epoch10                             0.000000                        1,163.570861
Epoch11                             0.000000                        1,163.570861
Epoch12                             0.000000                        1,163.570861
Epoch13                             0.000000                        1,163.570861
Epoch14                             0.000000                        1,163.570861
Epoch15                             0.000000                        1,163.570861
Epoch16                             0.000000                        1,163.570861
Epoch17                             0.000000                        1,163.570861
Epoch18                             0.000000                        1,163.570861
Epoch19                             0.000000                        1,163.570861
Epoch20                             0.000000                        1,163.570861
Epoch21                             0.000000                        1,163.570861
Epoch22                             0.000000                        1,163.570861
Epoch23                             0.000000                        1,163.570861
Epoch24                             0.000000                        1,163.570861
Epoch25                             0.000000                        1,163.570861
Epoch26                             0.000000                        1,163.570861
Epoch27                             0.000000                        1,163.570861
