Epoch#                               Rewards                   Total(Cumulative)
Epoch0                          4,350.014105                        4,350.014105
Epoch1                              0.000000                        4,350.014105
Epoch2                              0.000000                        4,350.014105
Epoch3                              0.000000                        4,350.014105
Epoch4                              0.000000                        4,350.014105
Epoch5                              0.000000                        4,350.014105
Epoch6                              0.000000                        4,350.014105
Epoch7                              0.000000                        4,350.014105
Epoch8                              0.000000                        4,350.014105
Epoch9                              0.000000                        4,350.014105
Epoch10                             0.000000                        4,350.014105
Epoch11                             0.000000                        4,350.014105
Epoch12                             0.000000                        4,350.014105
Epoch13                             0.000000                        4,350.014105
Epoch14                             0.000000                        4,350.014105
Epoch15                             0.000000                        4,350.014105
Epoch16                             0.000000                        4,350.014105
Epoch17                             0.000000                        4,350.014105
