Epoch#                               Rewards                   Total(Cumulative)
Epoch0                          1,228.693068                        1,228.693068
Epoch1                              0.000000                        1,228.693068
Epoch2                              0.000000                        1,228.693068
Epoch3                              0.000000                        1,228.693068
Epoch4                              0.000000                        1,228.693068
Epoch5                              0.000000                        1,228.693068
Epoch6                              0.000000                        1,228.693068
Epoch7                              0.000000                        1,228.693068
Epoch8                              0.000000                        1,228.693068
Epoch9                              0.000000                        1,228.693068
Epoch10                             0.000000                        1,228.693068
Epoch11                             0.000000                        1,228.693068
Epoch12                             0.000000                        1,228.693068
Epoch13                             0.000000                        1,228.693068
Epoch14                             0.000000                        1,228.693068
