Epoch#                               Rewards                   Total(Cumulative)
Epoch0                          1,164.389408                        1,164.389408
Epoch1                              1.395991                        1,165.785399
Epoch2                              0.000000                        1,165.785399
Epoch3                              2.089207                        1,167.874605
Epoch4                              0.284542                        1,168.159147
Epoch5                              0.000000                        1,168.159147
Epoch6                              0.000000                        1,168.159147
Epoch7                              0.000000                        1,168.159147
Epoch8                              0.000000                        1,168.159147
Epoch9                              0.000000                        1,168.159147
Epoch10                             0.000000                        1,168.159147
Epoch11                             0.000000                        1,168.159147
Epoch12                             0.000000                        1,168.159147
Epoch13                             0.000000                        1,168.159147
Epoch14                             0.000000                        1,168.159147
Epoch15                             0.000000                        1,168.159147
Epoch16                             0.000000                        1,168.159147
Epoch17                             0.000000                        1,168.159147
Epoch18                             0.000000                        1,168.159147
Epoch19                             0.000000                        1,168.159147
Epoch20                             0.000000                        1,168.159147
Epoch21                             0.000000                        1,168.159147
Epoch22                             0.000000                        1,168.159147
Epoch23                             0.000000                        1,168.159147
Epoch24                             0.000000                        1,168.159147
Epoch25                             0.000000                        1,168.159147
Epoch26                             0.000000                        1,168.159147
Epoch27                             0.000000                        1,168.159147
Epoch28                             0.000000                        1,168.159147
Epoch29                             0.000000                        1,168.159147
Epoch30                             0.000000                        1,168.159147
