Epoch#                               Rewards                   Total(Cumulative)
Epoch0                          1,163.510000                        1,163.510000
Epoch1                              0.041891                        1,163.551891
Epoch2                              0.035501                        1,163.587392
Epoch3                              0.000000                        1,163.587392
Epoch4                              0.000000                        1,163.587392
Epoch5                              0.000000                        1,163.587392
Epoch6                              0.000000                        1,163.587392
Epoch7                              0.000000                        1,163.587392
Epoch8                              0.000000                        1,163.587392
Epoch9                              0.000000                        1,163.587392
Epoch10                             0.000000                        1,163.587392
Epoch11                             0.000000                        1,163.587392
Epoch12                             0.000000                        1,163.587392
Epoch13                             0.000000                        1,163.587392
Epoch14                             0.000000                        1,163.587392
Epoch15                             0.000000                        1,163.587392
Epoch16                             0.000000                        1,163.587392
Epoch17                             0.000000                        1,163.587392
Epoch18                             0.000000                        1,163.587392
Epoch19                             0.000000                        1,163.587392
Epoch20                             0.000000                        1,163.587392
Epoch21                             0.000000                        1,163.587392
Epoch22                             0.000000                        1,163.587392
Epoch23                             0.000000                        1,163.587392
Epoch24                             0.000000                        1,163.587392
Epoch25                             0.000000                        1,163.587392
Epoch26                             0.000000                        1,163.587392
Epoch27                             0.000000                        1,163.587392
Epoch28                             0.000000                        1,163.587392
