Epoch#                               Rewards                   Total(Cumulative)
Epoch0                          1,163.510000                        1,163.510000
Epoch1                             95.937254                        1,259.447254
Epoch2                             25.946869                        1,285.394123
Epoch3                            114.938813                        1,400.332936
Epoch4                            100.626344                        1,500.959280
Epoch5                             54.012535                        1,554.971815
Epoch6                             71.567572                        1,626.539387
Epoch7                            293.734867                        1,920.274253
Epoch8                              0.000000                        1,920.274253
Epoch9                              0.000000                        1,920.274253
Epoch10                             0.000000                        1,920.274253
Epoch11                             0.000000                        1,920.274253
Epoch12                             0.000000                        1,920.274253
Epoch13                             0.000000                        1,920.274253
Epoch14                             0.000000                        1,920.274253
Epoch15                             2.827396                        1,923.101650
Epoch16                            51.392868                        1,974.494517
Epoch17                             0.000000                        1,974.494517
Epoch18                             0.000000                        1,974.494517
Epoch19                             0.000000                        1,974.494517
Epoch20                             0.000000                        1,974.494517
Epoch21                             0.000000                        1,974.494517
Epoch22                             0.000000                        1,974.494517
Epoch23                             0.000000                        1,974.494517
Epoch24                             0.000000                        1,974.494517
Epoch25                             0.000000                        1,974.494517
Epoch26                             0.000000                        1,974.494517
Epoch27                             0.000000                        1,974.494517
Epoch28                             0.000000                        1,974.494517
Epoch29                             0.000000                        1,974.494517
Epoch30                             0.000000                        1,974.494517
