Epoch#                               Rewards                   Total(Cumulative)
Epoch0                          1,164.168428                        1,164.168428
Epoch1                              0.000000                        1,164.168428
Epoch2                              0.000000                        1,164.168428
Epoch3                              0.000000                        1,164.168428
Epoch4                              0.000000                        1,164.168428
Epoch5                              0.000000                        1,164.168428
Epoch6                              0.000000                        1,164.168428
Epoch7                              0.000000                        1,164.168428
Epoch8                              0.000000                        1,164.168428
Epoch9                              0.000000                        1,164.168428
Epoch10                             0.000000                        1,164.168428
Epoch11                             0.000000                        1,164.168428
Epoch12                             0.000000                        1,164.168428
Epoch13                             0.000000                        1,164.168428
Epoch14                             0.000000                        1,164.168428
Epoch15                             0.000000                        1,164.168428
Epoch16                             0.000000                        1,164.168428
