Epoch#                               Rewards                   Total(Cumulative)
Epoch0                          9,529.860000                        9,529.860000
Epoch1                              0.000000                        9,529.860000
Epoch2                              0.000000                        9,529.860000
Epoch3                              0.000000                        9,529.860000
Epoch4                              0.000000                        9,529.860000
Epoch5                              0.000000                        9,529.860000
Epoch6                              0.000000                        9,529.860000
Epoch7                              0.000000                        9,529.860000
Epoch8                              0.000000                        9,529.860000
Epoch9                             12.164847                        9,542.024847
Epoch10                             0.000000                        9,542.024847
Epoch11                             0.000000                        9,542.024847
Epoch12                             0.000000                        9,542.024847
Epoch13                             0.000000                        9,542.024847
Epoch14                             0.000000                        9,542.024847
Epoch15                             0.000000                        9,542.024847
