Epoch#                               Rewards                   Total(Cumulative)
Epoch0                          6,413.910000                        6,413.910000
Epoch1                              0.000000                        6,413.910000
Epoch2                              0.000000                        6,413.910000
Epoch3                              0.154485                        6,414.064485
Epoch4                              3.354155                        6,417.418640
Epoch5                              0.000000                        6,417.418640
Epoch6                              0.000000                        6,417.418640
Epoch7                             62.403737                        6,479.822377
Epoch8                            173.872298                        6,653.694675
Epoch9                              0.000000                        6,653.694675
Epoch10                             0.000000                        6,653.694675
Epoch11                             0.000000                        6,653.694675
Epoch12                             0.000000                        6,653.694675
Epoch13                             0.000000                        6,653.694675
Epoch14                             0.000000                        6,653.694675
Epoch15                             0.000000                        6,653.694675
Epoch16                             0.000000                        6,653.694675
Epoch17                             0.000000                        6,653.694675
Epoch18                             0.000000                        6,653.694675
Epoch19                             0.000000                        6,653.694675
Epoch20                             0.000000                        6,653.694675
Epoch21                             0.000000                        6,653.694675
Epoch22                             0.000000                        6,653.694675
Epoch23                             0.000000                        6,653.694675
Epoch24                             0.000000                        6,653.694675
Epoch25                             0.000000                        6,653.694675
Epoch26                             0.000000                        6,653.694675
Epoch27                             0.000000                        6,653.694675
Epoch28                             0.000000                        6,653.694675
