Epoch#                               Rewards                   Total(Cumulative)
Epoch0                          4,559.374860                        4,559.374860
Epoch1                            403.885133                        4,963.259994
Epoch2                            186.379342                        5,149.639335
Epoch3                            121.650859                        5,271.290194
Epoch4                              9.368913                        5,280.659108
Epoch5                              0.000000                        5,280.659108
Epoch6                              0.000000                        5,280.659108
Epoch7                              0.000000                        5,280.659108
Epoch8                              0.000000                        5,280.659108
Epoch9                              0.000000                        5,280.659108
Epoch10                             0.000000                        5,280.659108
Epoch11                             0.000000                        5,280.659108
Epoch12                             0.000000                        5,280.659108
Epoch13                             0.000000                        5,280.659108
Epoch14                             0.000000                        5,280.659108
Epoch15                             0.000000                        5,280.659108
Epoch16                             0.000000                        5,280.659108
