Epoch#                               Rewards                   Total(Cumulative)
Epoch0                          1,163.892257                        1,163.892257
Epoch1                              0.000000                        1,163.892257
Epoch2                              0.000000                        1,163.892257
Epoch3                              0.000000                        1,163.892257
Epoch4                              0.000000                        1,163.892257
Epoch5                              0.000000                        1,163.892257
Epoch6                              0.000000                        1,163.892257
Epoch7                              0.000000                        1,163.892257
Epoch8                              0.000000                        1,163.892257
Epoch9                              0.000000                        1,163.892257
Epoch10                             0.000000                        1,163.892257
Epoch11                             0.000000                        1,163.892257
Epoch12                             0.000000                        1,163.892257
Epoch13                             0.000000                        1,163.892257
Epoch14                             0.000000                        1,163.892257
Epoch15                             0.000000                        1,163.892257
Epoch16                             0.000000                        1,163.892257
Epoch17                             0.000000                        1,163.892257
Epoch18                             0.000000                        1,163.892257
Epoch19                             0.000000                        1,163.892257
Epoch20                             0.000000                        1,163.892257
Epoch21                             0.000000                        1,163.892257
Epoch22                             0.000000                        1,163.892257
Epoch23                             0.000000                        1,163.892257
Epoch24                             0.000000                        1,163.892257
Epoch25                             0.000000                        1,163.892257
Epoch26                             0.000000                        1,163.892257
Epoch27                             0.000000                        1,163.892257
Epoch28                             0.000000                        1,163.892257
Epoch29                             0.000000                        1,163.892257
Epoch30                             0.000000                        1,163.892257
