Epoch#                               Rewards                   Total(Cumulative)
Epoch0                          1,163.696693                        1,163.696693
Epoch1                              0.000000                        1,163.696693
Epoch2                              0.000000                        1,163.696693
Epoch3                              0.000000                        1,163.696693
Epoch4                              0.000000                        1,163.696693
Epoch5                              0.000000                        1,163.696693
Epoch6                              0.000000                        1,163.696693
Epoch7                              0.000000                        1,163.696693
Epoch8                              0.000000                        1,163.696693
Epoch9                              0.000000                        1,163.696693
Epoch10                             0.000000                        1,163.696693
Epoch11                             0.000000                        1,163.696693
Epoch12                             0.000000                        1,163.696693
Epoch13                             0.000000                        1,163.696693
Epoch14                             0.000000                        1,163.696693
Epoch15                             0.000000                        1,163.696693
Epoch16                             0.000000                        1,163.696693
Epoch17                             0.000000                        1,163.696693
Epoch18                             0.000000                        1,163.696693
Epoch19                             0.000000                        1,163.696693
Epoch20                             0.000000                        1,163.696693
Epoch21                             0.000000                        1,163.696693
Epoch22                             0.000000                        1,163.696693
Epoch23                             0.000000                        1,163.696693
Epoch24                             0.000000                        1,163.696693
Epoch25                             0.000000                        1,163.696693
Epoch26                             0.000000                        1,163.696693
Epoch27                             0.000000                        1,163.696693
Epoch28                             0.000000                        1,163.696693
Epoch29                             0.000000                        1,163.696693
Epoch30                             0.000000                        1,163.696693
Epoch31                             0.000000                        1,163.696693
