Epoch#                               Rewards                   Total(Cumulative)
Epoch0                          4,351.965550                        4,351.965550
Epoch1                              1.171823                        4,353.137372
Epoch2                              0.000000                        4,353.137372
Epoch3                              0.000000                        4,353.137372
Epoch4                              0.000000                        4,353.137372
Epoch5                              0.000000                        4,353.137372
Epoch6                              0.000000                        4,353.137372
Epoch7                              0.000000                        4,353.137372
Epoch8                              0.000000                        4,353.137372
Epoch9                              0.000000                        4,353.137372
Epoch10                             0.000000                        4,353.137372
Epoch11                             0.000000                        4,353.137372
Epoch12                             0.000000                        4,353.137372
Epoch13                             0.000000                        4,353.137372
Epoch14                             0.000000                        4,353.137372
