Epoch#                               Rewards                   Total(Cumulative)
Epoch0                          1,165.538731                        1,165.538731
Epoch1                              0.133733                        1,165.672464
Epoch2                              0.000000                        1,165.672464
Epoch3                              0.000000                        1,165.672464
Epoch4                              0.000000                        1,165.672464
Epoch5                              0.000000                        1,165.672464
Epoch6                              0.000000                        1,165.672464
Epoch7                              0.000000                        1,165.672464
Epoch8                              0.000000                        1,165.672464
Epoch9                              0.000000                        1,165.672464
Epoch10                             0.000000                        1,165.672464
Epoch11                             0.000000                        1,165.672464
Epoch12                             0.000000                        1,165.672464
Epoch13                             0.000000                        1,165.672464
Epoch14                             0.000000                        1,165.672464
Epoch15                             0.000000                        1,165.672464
Epoch16                             0.000000                        1,165.672464
