Epoch#                               Rewards                   Total(Cumulative)
Epoch0                          1,163.593429                        1,163.593429
Epoch1                              0.000000                        1,163.593429
Epoch2                              0.000000                        1,163.593429
Epoch3                              0.000000                        1,163.593429
Epoch4                              0.000000                        1,163.593429
Epoch5                              0.000000                        1,163.593429
Epoch6                              0.000000                        1,163.593429
Epoch7                              0.000000                        1,163.593429
Epoch8                              0.000000                        1,163.593429
Epoch9                              0.000000                        1,163.593429
Epoch10                             0.000000                        1,163.593429
Epoch11                             0.000000                        1,163.593429
Epoch12                             0.000000                        1,163.593429
Epoch13                             0.000000                        1,163.593429
Epoch14                             0.000000                        1,163.593429
Epoch15                             0.000000                        1,163.593429
Epoch16                             0.000000                        1,163.593429
Epoch17                             0.000000                        1,163.593429
Epoch18                             0.000000                        1,163.593429
Epoch19                             0.000000                        1,163.593429
Epoch20                             0.000000                        1,163.593429
Epoch21                             0.000000                        1,163.593429
Epoch22                             0.000000                        1,163.593429
Epoch23                             0.000000                        1,163.593429
Epoch24                             0.000000                        1,163.593429
Epoch25                             0.000000                        1,163.593429
Epoch26                             0.000000                        1,163.593429
Epoch27                             0.000000                        1,163.593429
Epoch28                             0.000000                        1,163.593429
Epoch29                             0.000000                        1,163.593429
Epoch30                             0.000000                        1,163.593429
