Epoch#                               Rewards                   Total(Cumulative)
Epoch0                          1,166.494151                        1,166.494151
Epoch1                              0.000000                        1,166.494151
Epoch2                              0.000000                        1,166.494151
Epoch3                              0.000000                        1,166.494151
Epoch4                              0.000000                        1,166.494151
Epoch5                              0.000000                        1,166.494151
Epoch6                              0.000000                        1,166.494151
Epoch7                              0.000000                        1,166.494151
Epoch8                              0.000000                        1,166.494151
Epoch9                              0.000000                        1,166.494151
Epoch10                             0.000000                        1,166.494151
Epoch11                             0.000000                        1,166.494151
Epoch12                             0.000000                        1,166.494151
Epoch13                             0.000000                        1,166.494151
Epoch14                             0.000000                        1,166.494151
Epoch15                             0.000000                        1,166.494151
Epoch16                             0.000000                        1,166.494151
Epoch17                             0.000000                        1,166.494151
