Epoch#                               Rewards                   Total(Cumulative)
Epoch0                          1,163.613454                        1,163.613454
Epoch1                              0.000000                        1,163.613454
Epoch2                              0.000000                        1,163.613454
Epoch3                              0.043646                        1,163.657100
Epoch4                              0.354871                        1,164.011971
Epoch5                              0.377843                        1,164.389814
Epoch6                              0.000000                        1,164.389814
Epoch7                              0.067736                        1,164.457550
Epoch8                              0.201978                        1,164.659528
Epoch9                              0.000000                        1,164.659528
Epoch10                             0.000000                        1,164.659528
Epoch11                             0.000000                        1,164.659528
Epoch12                             0.000000                        1,164.659528
Epoch13                             0.000000                        1,164.659528
Epoch14                             0.000000                        1,164.659528
Epoch15                             0.000000                        1,164.659528
Epoch16                             0.000000                        1,164.659528
Epoch17                             0.000000                        1,164.659528
Epoch18                             0.000000                        1,164.659528
Epoch19                             0.000000                        1,164.659528
Epoch20                             0.000000                        1,164.659528
Epoch21                             0.000000                        1,164.659528
Epoch22                             0.000000                        1,164.659528
Epoch23                             0.000000                        1,164.659528
Epoch24                             0.000000                        1,164.659528
Epoch25                             0.000000                        1,164.659528
Epoch26                             0.000000                        1,164.659528
Epoch27                             0.000000                        1,164.659528
