Epoch#                               Rewards                   Total(Cumulative)
Epoch0                          1,172.495621                        1,172.495621
Epoch1                              0.093737                        1,172.589358
Epoch2                              0.000000                        1,172.589358
Epoch3                              0.000000                        1,172.589358
Epoch4                              0.000000                        1,172.589358
Epoch5                              0.000000                        1,172.589358
Epoch6                              0.000000                        1,172.589358
Epoch7                              0.000000                        1,172.589358
Epoch8                              0.000000                        1,172.589358
Epoch9                              0.000000                        1,172.589358
Epoch10                             0.000000                        1,172.589358
Epoch11                             0.000000                        1,172.589358
Epoch12                             0.000000                        1,172.589358
Epoch13                             0.000000                        1,172.589358
Epoch14                             0.000000                        1,172.589358
Epoch15                             0.000000                        1,172.589358
