Epoch#                               Rewards                   Total(Cumulative)
Epoch0                          4,357.070774                        4,357.070774
Epoch1                              3.497815                        4,360.568589
Epoch2                              0.000000                        4,360.568589
Epoch3                              0.000000                        4,360.568589
Epoch4                              0.000000                        4,360.568589
Epoch5                              0.000000                        4,360.568589
Epoch6                              0.000000                        4,360.568589
Epoch7                              0.000000                        4,360.568589
Epoch8                              0.000000                        4,360.568589
Epoch9                              0.000000                        4,360.568589
Epoch10                             0.000000                        4,360.568589
Epoch11                             0.000000                        4,360.568589
Epoch12                             0.000000                        4,360.568589
Epoch13                             0.000000                        4,360.568589
Epoch14                             0.000000                        4,360.568589
Epoch15                             0.000000                        4,360.568589
Epoch16                             0.000000                        4,360.568589
