Epoch#                               Rewards                   Total(Cumulative)
Epoch0                          1,167.982627                        1,167.982627
Epoch1                              0.000000                        1,167.982627
Epoch2                              0.000000                        1,167.982627
Epoch3                              0.000000                        1,167.982627
Epoch4                              0.000000                        1,167.982627
Epoch5                              0.000000                        1,167.982627
Epoch6                              0.000000                        1,167.982627
Epoch7                              0.000000                        1,167.982627
Epoch8                              0.000000                        1,167.982627
Epoch9                              0.000000                        1,167.982627
Epoch10                             0.000000                        1,167.982627
Epoch11                             0.000000                        1,167.982627
Epoch12                             0.000000                        1,167.982627
Epoch13                             0.000000                        1,167.982627
Epoch14                             0.000000                        1,167.982627
Epoch15                             0.000000                        1,167.982627
Epoch16                             0.000000                        1,167.982627
Epoch17                             0.000000                        1,167.982627
Epoch18                             0.000000                        1,167.982627
Epoch19                             0.000000                        1,167.982627
Epoch20                             0.000000                        1,167.982627
Epoch21                             0.000000                        1,167.982627
Epoch22                             0.000000                        1,167.982627
Epoch23                             0.000000                        1,167.982627
Epoch24                             0.000000                        1,167.982627
Epoch25                             0.000000                        1,167.982627
Epoch26                             0.000000                        1,167.982627
Epoch27                             0.000000                        1,167.982627
Epoch28                             0.000000                        1,167.982627
