Epoch#                               Rewards                   Total(Cumulative)
Epoch0                          1,164.348698                        1,164.348698
Epoch1                              0.000000                        1,164.348698
Epoch2                              0.000000                        1,164.348698
Epoch3                              0.000000                        1,164.348698
Epoch4                              0.000000                        1,164.348698
Epoch5                              0.000000                        1,164.348698
Epoch6                              0.000000                        1,164.348698
Epoch7                              0.000000                        1,164.348698
Epoch8                              0.000000                        1,164.348698
Epoch9                              0.000000                        1,164.348698
Epoch10                             0.353813                        1,164.702511
Epoch11                             0.000000                        1,164.702511
Epoch12                             0.000000                        1,164.702511
Epoch13                             0.000000                        1,164.702511
Epoch14                             0.000000                        1,164.702511
Epoch15                             0.000000                        1,164.702511
Epoch16                             0.000000                        1,164.702511
Epoch17                             0.000000                        1,164.702511
Epoch18                             0.000000                        1,164.702511
Epoch19                             0.000000                        1,164.702511
Epoch20                             0.000000                        1,164.702511
Epoch21                             0.000000                        1,164.702511
Epoch22                             0.000000                        1,164.702511
Epoch23                             0.000000                        1,164.702511
Epoch24                             0.000000                        1,164.702511
Epoch25                             0.000000                        1,164.702511
Epoch26                             0.000000                        1,164.702511
Epoch27                             0.000000                        1,164.702511
Epoch28                             0.000000                        1,164.702511
Epoch29                             0.000000                        1,164.702511
