Epoch#                               Rewards                   Total(Cumulative)
Epoch0                              0.000000                            0.000000
Epoch1                              0.000000                            0.000000
Epoch2                              0.000000                            0.000000
Epoch3                              0.000000                            0.000000
Epoch4                              0.000000                            0.000000
Epoch5                              0.000000                            0.000000
Epoch6                              0.000000                            0.000000
Epoch7                              0.000000                            0.000000
Epoch8                          2,570.944492                        2,570.944492
Epoch9                         15,049.604366                       17,620.548858
Epoch10                        11,739.037540                       29,359.586397
Epoch11                        11,055.851614                       40,415.438011
Epoch12                         7,174.067720                       47,589.505731
Epoch13                         2,480.959484                       50,070.465215
Epoch14                         2,184.319109                       52,254.784324
Epoch15                        14,733.275069                       66,988.059393
Epoch16                        44,698.851498                      111,686.910891
Epoch17                        37,510.741970                      149,197.652862
Epoch18                        38,010.968019                      187,208.620881
Epoch19                        60,572.304445                      247,780.925326
Epoch20                        41,309.613306                      289,090.538632
Epoch21                        29,038.771684                      318,129.310316
Epoch22                        15,054.825959                      333,184.136275
Epoch23                        37,473.958348                      370,658.094623
Epoch24                        34,234.318733                      404,892.413356
Epoch25                        21,482.759700                      426,375.173056
Epoch26                        30,137.052038                      456,512.225094
Epoch27                        31,393.425093                      487,905.650187
Epoch28                        42,010.746383                      529,916.396570
Epoch29                        20,880.423667                      550,796.820237
Epoch30                         6,131.791910                      556,928.612147
