Epoch#                               Rewards                   Total(Cumulative)
Epoch0                          1,163.690805                        1,163.690805
Epoch1                             20.461591                        1,184.152396
Epoch2                              1.285238                        1,185.437635
Epoch3                             13.548610                        1,198.986244
Epoch4                            108.509240                        1,307.495484
Epoch5                             35.299158                        1,342.794642
Epoch6                              0.000000                        1,342.794642
Epoch7                              0.000000                        1,342.794642
Epoch8                              0.000000                        1,342.794642
Epoch9                              0.000000                        1,342.794642
Epoch10                             0.000000                        1,342.794642
Epoch11                             0.000000                        1,342.794642
Epoch12                             0.000000                        1,342.794642
Epoch13                             0.000000                        1,342.794642
Epoch14                             0.000000                        1,342.794642
Epoch15                             0.000000                        1,342.794642
Epoch16                             0.000000                        1,342.794642
Epoch17                             0.000000                        1,342.794642
Epoch18                             0.000000                        1,342.794642
Epoch19                             0.000000                        1,342.794642
Epoch20                             0.000000                        1,342.794642
Epoch21                             0.000000                        1,342.794642
Epoch22                             0.000000                        1,342.794642
Epoch23                             0.000000                        1,342.794642
Epoch24                             0.000000                        1,342.794642
Epoch25                             0.000000                        1,342.794642
Epoch26                             0.000000                        1,342.794642
Epoch27                             0.000000                        1,342.794642
Epoch28                             0.000000                        1,342.794642
Epoch29                             0.000000                        1,342.794642
