Epoch#                               Rewards                   Total(Cumulative)
Epoch0                          1,165.133960                        1,165.133960
Epoch1                              0.000000                        1,165.133960
Epoch2                              0.000000                        1,165.133960
Epoch3                              0.000000                        1,165.133960
Epoch4                              0.000000                        1,165.133960
Epoch5                              0.000000                        1,165.133960
Epoch6                              0.000000                        1,165.133960
Epoch7                              0.000000                        1,165.133960
Epoch8                              0.000000                        1,165.133960
Epoch9                              0.000000                        1,165.133960
Epoch10                             0.000000                        1,165.133960
Epoch11                             0.000000                        1,165.133960
Epoch12                             0.000000                        1,165.133960
Epoch13                             0.000000                        1,165.133960
Epoch14                             0.000000                        1,165.133960
