Epoch#                               Rewards                   Total(Cumulative)
Epoch0                          1,163.546662                        1,163.546662
Epoch1                              0.311145                        1,163.857806
Epoch2                              0.000000                        1,163.857806
Epoch3                              0.000000                        1,163.857806
Epoch4                              0.043684                        1,163.901490
Epoch5                              0.136750                        1,164.038240
Epoch6                              0.226543                        1,164.264783
Epoch7                              0.034971                        1,164.299755
Epoch8                              0.076360                        1,164.376115
Epoch9                              0.000000                        1,164.376115
Epoch10                             0.000000                        1,164.376115
Epoch11                             0.000000                        1,164.376115
Epoch12                             0.000000                        1,164.376115
Epoch13                             0.000000                        1,164.376115
Epoch14                             0.000000                        1,164.376115
Epoch15                             0.000000                        1,164.376115
