Epoch#                               Rewards                   Total(Cumulative)
Epoch0                          1,163.566965                        1,163.566965
Epoch1                              0.000000                        1,163.566965
Epoch2                              0.000000                        1,163.566965
Epoch3                              0.000000                        1,163.566965
Epoch4                              0.000000                        1,163.566965
Epoch5                              0.000000                        1,163.566965
Epoch6                              0.000000                        1,163.566965
Epoch7                              0.000000                        1,163.566965
Epoch8                              0.000000                        1,163.566965
Epoch9                              0.000000                        1,163.566965
Epoch10                             0.000000                        1,163.566965
Epoch11                             0.000000                        1,163.566965
Epoch12                             0.000000                        1,163.566965
Epoch13                             0.000000                        1,163.566965
Epoch14                             0.000000                        1,163.566965
Epoch15                             0.000000                        1,163.566965
Epoch16                             0.000000                        1,163.566965
Epoch17                             0.000000                        1,163.566965
Epoch18                             0.000000                        1,163.566965
Epoch19                             0.000000                        1,163.566965
Epoch20                             0.000000                        1,163.566965
Epoch21                             0.000000                        1,163.566965
Epoch22                             0.000000                        1,163.566965
Epoch23                             0.000000                        1,163.566965
Epoch24                             0.000000                        1,163.566965
Epoch25                             0.000000                        1,163.566965
Epoch26                             0.000000                        1,163.566965
Epoch27                             0.000000                        1,163.566965
Epoch28                             0.000000                        1,163.566965
Epoch29                             0.000000                        1,163.566965
Epoch30                             0.000000                        1,163.566965
Epoch31                             0.000000                        1,163.566965
