Epoch#                               Rewards                   Total(Cumulative)
Epoch0                          1,164.073185                        1,164.073185
Epoch1                              0.000000                        1,164.073185
Epoch2                              0.000000                        1,164.073185
Epoch3                              0.000000                        1,164.073185
Epoch4                              0.000000                        1,164.073185
Epoch5                              0.000000                        1,164.073185
Epoch6                              0.000000                        1,164.073185
Epoch7                              0.000000                        1,164.073185
Epoch8                              0.000000                        1,164.073185
Epoch9                              0.000000                        1,164.073185
Epoch10                             0.000000                        1,164.073185
Epoch11                             0.000000                        1,164.073185
Epoch12                             0.000000                        1,164.073185
Epoch13                             0.000000                        1,164.073185
Epoch14                             0.000000                        1,164.073185
