Epoch#                               Rewards                   Total(Cumulative)
Epoch0                          1,169.167965                        1,169.167965
Epoch1                              0.000000                        1,169.167965
Epoch2                              0.000000                        1,169.167965
Epoch3                              0.000000                        1,169.167965
Epoch4                              0.000000                        1,169.167965
Epoch5                              0.000000                        1,169.167965
Epoch6                              0.000000                        1,169.167965
Epoch7                              0.000000                        1,169.167965
Epoch8                              0.000000                        1,169.167965
Epoch9                              0.000000                        1,169.167965
Epoch10                             0.000000                        1,169.167965
Epoch11                             0.000000                        1,169.167965
Epoch12                             0.000000                        1,169.167965
Epoch13                             0.000000                        1,169.167965
Epoch14                             0.000000                        1,169.167965
Epoch15                             0.000000                        1,169.167965
Epoch16                             0.000000                        1,169.167965
