Epoch#                               Rewards                   Total(Cumulative)
Epoch0                          6,606.976983                        6,606.976983
Epoch1                             44.065258                        6,651.042241
Epoch2                              0.000000                        6,651.042241
Epoch3                              0.000000                        6,651.042241
Epoch4                              0.000000                        6,651.042241
Epoch5                              0.000000                        6,651.042241
Epoch6                              6.580110                        6,657.622352
Epoch7                             36.653957                        6,694.276308
Epoch8                              0.000000                        6,694.276308
Epoch9                              0.000000                        6,694.276308
Epoch10                             0.000000                        6,694.276308
Epoch11                             0.000000                        6,694.276308
Epoch12                             0.000000                        6,694.276308
Epoch13                             0.000000                        6,694.276308
Epoch14                             0.000000                        6,694.276308
