Epoch#                               Rewards                   Total(Cumulative)
Epoch0                          1,164.160149                        1,164.160149
Epoch1                              0.000000                        1,164.160149
Epoch2                              0.000000                        1,164.160149
Epoch3                              0.042187                        1,164.202336
Epoch4                              0.000000                        1,164.202336
Epoch5                              0.000000                        1,164.202336
Epoch6                              0.000000                        1,164.202336
Epoch7                              0.000000                        1,164.202336
Epoch8                              0.000000                        1,164.202336
Epoch9                              0.000000                        1,164.202336
Epoch10                             0.000000                        1,164.202336
Epoch11                             0.000000                        1,164.202336
Epoch12                             0.000000                        1,164.202336
Epoch13                             0.000000                        1,164.202336
Epoch14                             0.000000                        1,164.202336
