Epoch#                               Rewards                   Total(Cumulative)
Epoch0                          1,453.772301                        1,453.772301
Epoch1                              5.233889                        1,459.006190
Epoch2                             29.779591                        1,488.785781
Epoch3                              0.000000                        1,488.785781
Epoch4                              0.000000                        1,488.785781
Epoch5                              0.000000                        1,488.785781
Epoch6                              0.000000                        1,488.785781
Epoch7                              0.000000                        1,488.785781
Epoch8                              0.000000                        1,488.785781
Epoch9                              0.000000                        1,488.785781
Epoch10                             0.000000                        1,488.785781
Epoch11                             0.000000                        1,488.785781
Epoch12                             0.000000                        1,488.785781
Epoch13                             0.000000                        1,488.785781
Epoch14                             0.000000                        1,488.785781
Epoch15                             0.000000                        1,488.785781
Epoch16                             0.000000                        1,488.785781
Epoch17                             0.000000                        1,488.785781
Epoch18                             0.000000                        1,488.785781
Epoch19                             0.000000                        1,488.785781
Epoch20                             0.000000                        1,488.785781
Epoch21                             0.000000                        1,488.785781
Epoch22                             0.000000                        1,488.785781
Epoch23                             0.000000                        1,488.785781
Epoch24                             0.000000                        1,488.785781
Epoch25                             0.000000                        1,488.785781
Epoch26                             0.000000                        1,488.785781
Epoch27                             0.000000                        1,488.785781
Epoch28                             0.000000                        1,488.785781
