Epoch#                               Rewards                   Total(Cumulative)
Epoch0                          6,984.478160                        6,984.478160
Epoch1                              0.000000                        6,984.478160
Epoch2                              0.000000                        6,984.478160
Epoch3                              0.000000                        6,984.478160
Epoch4                              0.000000                        6,984.478160
Epoch5                              0.000000                        6,984.478160
Epoch6                              0.000000                        6,984.478160
Epoch7                              0.000000                        6,984.478160
Epoch8                              0.000000                        6,984.478160
Epoch9                              0.000000                        6,984.478160
Epoch10                             0.000000                        6,984.478160
Epoch11                             0.000000                        6,984.478160
Epoch12                             0.000000                        6,984.478160
Epoch13                             0.000000                        6,984.478160
Epoch14                             0.000000                        6,984.478160
Epoch15                             0.000000                        6,984.478160
