Epoch#                               Rewards                   Total(Cumulative)
Epoch0                          1,169.961376                        1,169.961376
Epoch1                              0.000000                        1,169.961376
Epoch2                              0.000000                        1,169.961376
Epoch3                              0.000000                        1,169.961376
Epoch4                              0.000000                        1,169.961376
Epoch5                              0.000000                        1,169.961376
Epoch6                              0.000000                        1,169.961376
Epoch7                              0.000000                        1,169.961376
Epoch8                              0.000000                        1,169.961376
Epoch9                              0.000000                        1,169.961376
Epoch10                             0.000000                        1,169.961376
Epoch11                             0.000000                        1,169.961376
Epoch12                             0.000000                        1,169.961376
Epoch13                             0.000000                        1,169.961376
Epoch14                             0.000000                        1,169.961376
Epoch15                             0.000000                        1,169.961376
Epoch16                             0.000000                        1,169.961376
