Epoch#                               Rewards                   Total(Cumulative)
Epoch0                          1,169.373580                        1,169.373580
Epoch1                              0.149833                        1,169.523413
Epoch2                              0.000000                        1,169.523413
Epoch3                              0.000000                        1,169.523413
Epoch4                              0.000000                        1,169.523413
Epoch5                              0.000000                        1,169.523413
Epoch6                              0.000000                        1,169.523413
Epoch7                              0.000000                        1,169.523413
Epoch8                              0.000000                        1,169.523413
Epoch9                              0.000000                        1,169.523413
Epoch10                             0.000000                        1,169.523413
Epoch11                             0.000000                        1,169.523413
Epoch12                             0.000000                        1,169.523413
Epoch13                             0.000000                        1,169.523413
Epoch14                             0.000000                        1,169.523413
Epoch15                             0.000000                        1,169.523413
Epoch16                             0.000000                        1,169.523413
Epoch17                             0.000000                        1,169.523413
