Epoch#                               Rewards                   Total(Cumulative)
Epoch0                              0.000000                            0.000000
Epoch1                            191.378065                          191.378065
Epoch2                            840.074722                        1,031.452787
Epoch3                              0.000000                        1,031.452787
Epoch4                              0.000000                        1,031.452787
Epoch5                              0.000000                        1,031.452787
Epoch6                              0.000000                        1,031.452787
Epoch7                              0.000000                        1,031.452787
Epoch8                              0.000000                        1,031.452787
Epoch9                              0.000000                        1,031.452787
Epoch10                             0.000000                        1,031.452787
Epoch11                             0.000000                        1,031.452787
Epoch12                             0.000000                        1,031.452787
Epoch13                             0.000000                        1,031.452787
Epoch14                             0.000000                        1,031.452787
Epoch15                             0.000000                        1,031.452787
Epoch16                             0.000000                        1,031.452787
