Epoch#                               Rewards                   Total(Cumulative)
Epoch0                          4,349.630000                        4,349.630000
Epoch1                              0.048749                        4,349.678749
Epoch2                              3.263446                        4,352.942195
Epoch3                             17.582696                        4,370.524891
Epoch4                              2.032334                        4,372.557225
Epoch5                              0.000000                        4,372.557225
Epoch6                              0.000000                        4,372.557225
Epoch7                              0.000000                        4,372.557225
Epoch8                              0.000000                        4,372.557225
Epoch9                              0.270149                        4,372.827374
Epoch10                            40.937368                        4,413.764741
Epoch11                             7.736390                        4,421.501131
Epoch12                            56.561607                        4,478.062739
Epoch13                           237.644226                        4,715.706964
Epoch14                             0.000000                        4,715.706964
Epoch15                             0.000000                        4,715.706964
Epoch16                             0.000000                        4,715.706964
Epoch17                             0.000000                        4,715.706964
Epoch18                             0.000000                        4,715.706964
Epoch19                             0.000000                        4,715.706964
Epoch20                             0.000000                        4,715.706964
Epoch21                             0.000000                        4,715.706964
Epoch22                             0.000000                        4,715.706964
Epoch23                             0.000000                        4,715.706964
Epoch24                             0.000000                        4,715.706964
Epoch25                             0.000000                        4,715.706964
Epoch26                             0.000000                        4,715.706964
Epoch27                             0.000000                        4,715.706964
Epoch28                             0.000000                        4,715.706964
