Epoch#                               Rewards                   Total(Cumulative)
Epoch0                              0.000000                            0.000000
Epoch1                              0.000000                            0.000000
Epoch2                              0.000000                            0.000000
Epoch3                          2,176.246648                        2,176.246648
Epoch4                          2,117.130002                        4,293.376650
Epoch5                              0.000000                        4,293.376650
Epoch6                              0.000000                        4,293.376650
Epoch7                              0.000000                        4,293.376650
Epoch8                              0.000000                        4,293.376650
Epoch9                              0.000000                        4,293.376650
Epoch10                             0.000000                        4,293.376650
Epoch11                             0.000000                        4,293.376650
Epoch12                             0.000000                        4,293.376650
Epoch13                             0.000000                        4,293.376650
Epoch14                             0.000000                        4,293.376650
Epoch15                             0.000000                        4,293.376650
