Epoch#                               Rewards                   Total(Cumulative)
Epoch0                          1,163.934131                        1,163.934131
Epoch1                              0.000000                        1,163.934131
Epoch2                              0.000000                        1,163.934131
Epoch3                              0.000000                        1,163.934131
Epoch4                              0.000000                        1,163.934131
Epoch5                              0.000000                        1,163.934131
Epoch6                              0.000000                        1,163.934131
Epoch7                              0.000000                        1,163.934131
Epoch8                              0.000000                        1,163.934131
Epoch9                              0.000000                        1,163.934131
Epoch10                             0.000000                        1,163.934131
Epoch11                             0.000000                        1,163.934131
Epoch12                             0.000000                        1,163.934131
Epoch13                             0.000000                        1,163.934131
Epoch14                             0.000000                        1,163.934131
Epoch15                             0.000000                        1,163.934131
Epoch16                             0.000000                        1,163.934131
Epoch17                             0.000000                        1,163.934131
Epoch18                             0.000000                        1,163.934131
Epoch19                             0.000000                        1,163.934131
Epoch20                             0.000000                        1,163.934131
Epoch21                             0.000000                        1,163.934131
Epoch22                             0.000000                        1,163.934131
Epoch23                             0.000000                        1,163.934131
Epoch24                             0.000000                        1,163.934131
Epoch25                             0.000000                        1,163.934131
Epoch26                             0.000000                        1,163.934131
Epoch27                             0.000000                        1,163.934131
Epoch28                             0.000000                        1,163.934131
Epoch29                             0.000000                        1,163.934131
