Epoch#                               Rewards                   Total(Cumulative)
Epoch0                         14,634.714519                       14,634.714519
Epoch1                            402.225109                       15,036.939628
Epoch2                             52.393224                       15,089.332852
Epoch3                              1.740734                       15,091.073586
Epoch4                              0.000000                       15,091.073586
Epoch5                              0.000000                       15,091.073586
Epoch6                              0.000000                       15,091.073586
Epoch7                              0.000000                       15,091.073586
Epoch8                              0.000000                       15,091.073586
Epoch9                              0.000000                       15,091.073586
Epoch10                             0.000000                       15,091.073586
Epoch11                             0.000000                       15,091.073586
Epoch12                             0.000000                       15,091.073586
Epoch13                             0.000000                       15,091.073586
Epoch14                             0.000000                       15,091.073586
Epoch15                             0.000000                       15,091.073586
Epoch16                             0.000000                       15,091.073586
Epoch17                             0.000000                       15,091.073586
