Epoch#                               Rewards                   Total(Cumulative)
Epoch0                          1,164.024352                        1,164.024352
Epoch1                              0.000000                        1,164.024352
Epoch2                              0.000000                        1,164.024352
Epoch3                              0.000000                        1,164.024352
Epoch4                              0.000000                        1,164.024352
Epoch5                              0.000000                        1,164.024352
Epoch6                              0.000000                        1,164.024352
Epoch7                              0.000000                        1,164.024352
Epoch8                              0.000000                        1,164.024352
Epoch9                              0.000000                        1,164.024352
Epoch10                             0.000000                        1,164.024352
Epoch11                             0.000000                        1,164.024352
Epoch12                             0.000000                        1,164.024352
Epoch13                             0.000000                        1,164.024352
Epoch14                             0.000000                        1,164.024352
