Epoch#                               Rewards                   Total(Cumulative)
Epoch0                          9,529.860000                        9,529.860000
Epoch1                             17.749751                        9,547.609751
Epoch2                            139.624898                        9,687.234649
Epoch3                              0.000000                        9,687.234649
Epoch4                              0.000000                        9,687.234649
Epoch5                              0.000000                        9,687.234649
Epoch6                              0.000000                        9,687.234649
Epoch7                              0.000000                        9,687.234649
Epoch8                              0.000000                        9,687.234649
Epoch9                              0.000000                        9,687.234649
Epoch10                             0.000000                        9,687.234649
Epoch11                             0.000000                        9,687.234649
Epoch12                             0.000000                        9,687.234649
Epoch13                             0.000000                        9,687.234649
Epoch14                             0.000000                        9,687.234649
Epoch15                             0.000000                        9,687.234649
Epoch16                             0.000000                        9,687.234649
Epoch17                             0.000000                        9,687.234649
Epoch18                             0.000000                        9,687.234649
Epoch19                             0.000000                        9,687.234649
Epoch20                             0.000000                        9,687.234649
Epoch21                             0.000000                        9,687.234649
Epoch22                             0.000000                        9,687.234649
Epoch23                             0.000000                        9,687.234649
Epoch24                             0.000000                        9,687.234649
Epoch25                             0.000000                        9,687.234649
Epoch26                             0.000000                        9,687.234649
Epoch27                             0.000000                        9,687.234649
Epoch28                             0.000000                        9,687.234649
Epoch29                             0.000000                        9,687.234649
Epoch30                             0.000000                        9,687.234649
Epoch31                             0.000000                        9,687.234649
