Epoch#                               Rewards                   Total(Cumulative)
Epoch0                          4,350.066793                        4,350.066793
Epoch1                              0.000000                        4,350.066793
Epoch2                              0.000000                        4,350.066793
Epoch3                              0.000000                        4,350.066793
Epoch4                              0.000000                        4,350.066793
Epoch5                              0.000000                        4,350.066793
Epoch6                              0.000000                        4,350.066793
Epoch7                              0.000000                        4,350.066793
Epoch8                              0.000000                        4,350.066793
Epoch9                              0.000000                        4,350.066793
Epoch10                             0.000000                        4,350.066793
Epoch11                             0.000000                        4,350.066793
Epoch12                             0.000000                        4,350.066793
Epoch13                             0.000000                        4,350.066793
Epoch14                             0.000000                        4,350.066793
