Epoch#                               Rewards                   Total(Cumulative)
Epoch0                          1,166.564478                        1,166.564478
Epoch1                              0.000000                        1,166.564478
Epoch2                              0.000000                        1,166.564478
Epoch3                              0.000000                        1,166.564478
Epoch4                              0.000000                        1,166.564478
Epoch5                              0.000000                        1,166.564478
Epoch6                              0.000000                        1,166.564478
Epoch7                              0.000000                        1,166.564478
Epoch8                              0.000000                        1,166.564478
Epoch9                              0.000000                        1,166.564478
Epoch10                             0.000000                        1,166.564478
Epoch11                             0.000000                        1,166.564478
Epoch12                             0.000000                        1,166.564478
Epoch13                             0.000000                        1,166.564478
Epoch14                             0.000000                        1,166.564478
