Epoch#                               Rewards                   Total(Cumulative)
Epoch0                          4,354.944819                        4,354.944819
Epoch1                              0.000000                        4,354.944819
Epoch2                              0.000000                        4,354.944819
Epoch3                              0.000000                        4,354.944819
Epoch4                              0.000000                        4,354.944819
Epoch5                              0.000000                        4,354.944819
Epoch6                              0.000000                        4,354.944819
Epoch7                              0.000000                        4,354.944819
Epoch8                              0.000000                        4,354.944819
Epoch9                              0.000000                        4,354.944819
Epoch10                             0.000000                        4,354.944819
Epoch11                             0.000000                        4,354.944819
Epoch12                             0.000000                        4,354.944819
Epoch13                             0.000000                        4,354.944819
Epoch14                             0.000000                        4,354.944819
Epoch15                             0.000000                        4,354.944819
Epoch16                             0.000000                        4,354.944819
