Epoch#                               Rewards                   Total(Cumulative)
Epoch0                          4,350.595475                        4,350.595475
Epoch1                              2.695859                        4,353.291335
Epoch2                             50.300696                        4,403.592030
Epoch3                            111.294591                        4,514.886621
Epoch4                             35.468525                        4,550.355146
Epoch5                              0.031084                        4,550.386230
Epoch6                              0.008801                        4,550.395031
Epoch7                              0.000000                        4,550.395031
Epoch8                              0.000000                        4,550.395031
Epoch9                              0.000000                        4,550.395031
Epoch10                             0.000000                        4,550.395031
Epoch11                             0.000000                        4,550.395031
Epoch12                             0.000000                        4,550.395031
Epoch13                             0.000000                        4,550.395031
Epoch14                             0.000000                        4,550.395031
Epoch15                             0.000000                        4,550.395031
Epoch16                             0.000000                        4,550.395031
Epoch17                             0.000000                        4,550.395031
Epoch18                             0.000000                        4,550.395031
Epoch19                             0.000000                        4,550.395031
Epoch20                             0.000000                        4,550.395031
Epoch21                             0.000000                        4,550.395031
Epoch22                             0.000000                        4,550.395031
Epoch23                             0.000000                        4,550.395031
Epoch24                             0.000000                        4,550.395031
Epoch25                             0.000000                        4,550.395031
Epoch26                             0.000000                        4,550.395031
Epoch27                             0.000000                        4,550.395031
