Epoch#                               Rewards                   Total(Cumulative)
Epoch0                          4,350.239790                        4,350.239790
Epoch1                              0.000000                        4,350.239790
Epoch2                              0.000000                        4,350.239790
Epoch3                              0.000000                        4,350.239790
Epoch4                              0.000000                        4,350.239790
Epoch5                              0.000000                        4,350.239790
Epoch6                              0.000000                        4,350.239790
Epoch7                              0.000000                        4,350.239790
Epoch8                              0.000000                        4,350.239790
Epoch9                              0.000000                        4,350.239790
Epoch10                             0.000000                        4,350.239790
Epoch11                             0.000000                        4,350.239790
Epoch12                             0.000000                        4,350.239790
Epoch13                             0.000000                        4,350.239790
Epoch14                             0.000000                        4,350.239790
Epoch15                             0.000000                        4,350.239790
Epoch16                             0.000000                        4,350.239790
Epoch17                             0.000000                        4,350.239790
Epoch18                             0.000000                        4,350.239790
Epoch19                             0.000000                        4,350.239790
Epoch20                             0.000000                        4,350.239790
Epoch21                             0.000000                        4,350.239790
Epoch22                             0.000000                        4,350.239790
Epoch23                             0.000000                        4,350.239790
Epoch24                             0.000000                        4,350.239790
Epoch25                             0.000000                        4,350.239790
Epoch26                             0.000000                        4,350.239790
Epoch27                             0.000000                        4,350.239790
