Epoch#                               Rewards                   Total(Cumulative)
Epoch0                              0.000000                            0.000000
Epoch1                              0.000000                            0.000000
Epoch2                              0.000000                            0.000000
Epoch3                              0.000000                            0.000000
Epoch4                              0.000000                            0.000000
Epoch5                            140.732730                          140.732730
Epoch6                            364.703996                          505.436726
Epoch7                            194.800270                          700.236996
Epoch8                            110.806818                          811.043814
Epoch9                            152.470501                          963.514315
Epoch10                           307.509129                        1,271.023443
Epoch11                           243.994287                        1,515.017730
Epoch12                         1,050.707864                        2,565.725594
Epoch13                         1,020.990451                        3,586.716045
Epoch14                           138.531603                        3,725.247648
Epoch15                           803.643515                        4,528.891163
Epoch16                           249.691578                        4,778.582741
Epoch17                           759.302491                        5,537.885232
Epoch18                            82.868718                        5,620.753950
Epoch19                           311.565459                        5,932.319409
Epoch20                           414.217388                        6,346.536797
Epoch21                           345.473911                        6,692.010708
Epoch22                           168.466677                        6,860.477385
Epoch23                           291.798813                        7,152.276198
Epoch24                             0.000000                        7,152.276198
Epoch25                            38.655039                        7,190.931236
Epoch26                           115.031684                        7,305.962920
Epoch27                           724.278632                        8,030.241552
Epoch28                         1,496.323630                        9,526.565182
Epoch29                           322.245102                        9,848.810284
Epoch30                             0.000000                        9,848.810284
