Epoch#                               Rewards                   Total(Cumulative)
Epoch0                          4,365.459013                        4,365.459013
Epoch1                            493.738344                        4,859.197357
Epoch2                              0.000000                        4,859.197357
Epoch3                              0.000000                        4,859.197357
Epoch4                              0.000000                        4,859.197357
Epoch5                              0.000000                        4,859.197357
Epoch6                              0.000000                        4,859.197357
Epoch7                              0.000000                        4,859.197357
Epoch8                              0.000000                        4,859.197357
Epoch9                              0.000000                        4,859.197357
Epoch10                             0.000000                        4,859.197357
Epoch11                             0.000000                        4,859.197357
Epoch12                             0.000000                        4,859.197357
Epoch13                             0.000000                        4,859.197357
Epoch14                             0.000000                        4,859.197357
Epoch15                             0.000000                        4,859.197357
