Epoch#                               Rewards                   Total(Cumulative)
Epoch0                          9,608.760668                        9,608.760668
Epoch1                              0.386296                        9,609.146964
Epoch2                              0.000000                        9,609.146964
Epoch3                              0.000000                        9,609.146964
Epoch4                              0.000000                        9,609.146964
Epoch5                              0.000000                        9,609.146964
Epoch6                              0.000000                        9,609.146964
Epoch7                              0.000000                        9,609.146964
Epoch8                              0.000000                        9,609.146964
Epoch9                              0.011405                        9,609.158368
Epoch10                             0.000000                        9,609.158368
Epoch11                             0.000000                        9,609.158368
Epoch12                             0.000000                        9,609.158368
Epoch13                             0.000000                        9,609.158368
Epoch14                             0.000000                        9,609.158368
Epoch15                             0.000000                        9,609.158368
Epoch16                             0.000000                        9,609.158368
Epoch17                             0.000000                        9,609.158368
