Epoch#                               Rewards                   Total(Cumulative)
Epoch0                          6,421.397416                        6,421.397416
Epoch1                              0.000000                        6,421.397416
Epoch2                              0.000000                        6,421.397416
Epoch3                              0.000000                        6,421.397416
Epoch4                              3.556790                        6,424.954206
Epoch5                             65.372994                        6,490.327200
Epoch6                            106.093215                        6,596.420414
Epoch7                            132.536431                        6,728.956845
Epoch8                            202.835344                        6,931.792189
Epoch9                            234.849796                        7,166.641985
Epoch10                            17.081054                        7,183.723039
Epoch11                             5.437092                        7,189.160131
Epoch12                             2.297907                        7,191.458037
Epoch13                             2.871647                        7,194.329685
Epoch14                            48.413078                        7,242.742763
Epoch15                           204.651501                        7,447.394265
Epoch16                           162.787141                        7,610.181405
