Epoch#                               Rewards                   Total(Cumulative)
Epoch0                          1,163.567329                        1,163.567329
Epoch1                              0.000000                        1,163.567329
Epoch2                              0.000000                        1,163.567329
Epoch3                              0.000000                        1,163.567329
Epoch4                              0.000000                        1,163.567329
Epoch5                              0.000000                        1,163.567329
Epoch6                              0.000000                        1,163.567329
Epoch7                              0.000000                        1,163.567329
Epoch8                              0.000000                        1,163.567329
Epoch9                              0.000000                        1,163.567329
Epoch10                             0.000000                        1,163.567329
Epoch11                             0.000000                        1,163.567329
Epoch12                             0.000000                        1,163.567329
Epoch13                             0.000000                        1,163.567329
Epoch14                             0.000000                        1,163.567329
Epoch15                             0.000000                        1,163.567329
Epoch16                             0.000000                        1,163.567329
Epoch17                             0.000000                        1,163.567329
Epoch18                             0.000000                        1,163.567329
Epoch19                             0.000000                        1,163.567329
Epoch20                             0.000000                        1,163.567329
Epoch21                             0.000000                        1,163.567329
Epoch22                             0.000000                        1,163.567329
Epoch23                             0.000000                        1,163.567329
Epoch24                             0.000000                        1,163.567329
Epoch25                             0.000000                        1,163.567329
Epoch26                             0.000000                        1,163.567329
Epoch27                             0.000000                        1,163.567329
Epoch28                             0.000000                        1,163.567329
Epoch29                             0.000000                        1,163.567329
Epoch30                             0.000000                        1,163.567329
Epoch31                             0.000000                        1,163.567329
