Epoch#                               Rewards                   Total(Cumulative)
Epoch0                          1,152.414346                        1,152.414346
Epoch1                              0.397872                        1,152.812218
Epoch2                              0.000000                        1,152.812218
Epoch3                              0.000000                        1,152.812218
Epoch4                              0.000000                        1,152.812218
Epoch5                              0.000000                        1,152.812218
Epoch6                              0.000000                        1,152.812218
Epoch7                              0.000000                        1,152.812218
Epoch8                              0.000000                        1,152.812218
Epoch9                              0.000000                        1,152.812218
Epoch10                             0.000000                        1,152.812218
Epoch11                             0.000000                        1,152.812218
Epoch12                             0.000000                        1,152.812218
Epoch13                             0.000000                        1,152.812218
Epoch14                             0.000000                        1,152.812218
Epoch15                             0.000000                        1,152.812218
Epoch16                             0.000000                        1,152.812218
Epoch17                             0.000000                        1,152.812218
Epoch18                             0.000000                        1,152.812218
Epoch19                             0.000000                        1,152.812218
Epoch20                             0.000000                        1,152.812218
Epoch21                             0.000000                        1,152.812218
Epoch22                             0.000000                        1,152.812218
Epoch23                             0.000000                        1,152.812218
Epoch24                             0.000000                        1,152.812218
Epoch25                             0.000000                        1,152.812218
Epoch26                             0.000000                        1,152.812218
Epoch27                             0.000000                        1,152.812218
