Epoch#                               Rewards                   Total(Cumulative)
Epoch0                          1,163.686422                        1,163.686422
Epoch1                              0.000000                        1,163.686422
Epoch2                              0.000000                        1,163.686422
Epoch3                              0.000000                        1,163.686422
Epoch4                              0.000000                        1,163.686422
Epoch5                              0.000000                        1,163.686422
Epoch6                              0.000000                        1,163.686422
Epoch7                              0.000000                        1,163.686422
Epoch8                              0.000000                        1,163.686422
Epoch9                              0.000000                        1,163.686422
Epoch10                             0.000000                        1,163.686422
Epoch11                             0.000000                        1,163.686422
Epoch12                             0.000000                        1,163.686422
Epoch13                             0.000000                        1,163.686422
Epoch14                             0.000000                        1,163.686422
Epoch15                             0.000000                        1,163.686422
Epoch16                             0.000000                        1,163.686422
