Epoch#                               Rewards                   Total(Cumulative)
Epoch0                          1,164.319017                        1,164.319017
Epoch1                              0.000000                        1,164.319017
Epoch2                              0.000000                        1,164.319017
Epoch3                              0.000000                        1,164.319017
Epoch4                              0.000000                        1,164.319017
Epoch5                              0.000000                        1,164.319017
Epoch6                              0.000000                        1,164.319017
Epoch7                              0.000000                        1,164.319017
Epoch8                              0.000000                        1,164.319017
Epoch9                              0.000000                        1,164.319017
Epoch10                             0.000000                        1,164.319017
Epoch11                             0.000000                        1,164.319017
Epoch12                             0.000000                        1,164.319017
Epoch13                             0.000000                        1,164.319017
Epoch14                             0.000000                        1,164.319017
Epoch15                             0.000000                        1,164.319017
Epoch16                             0.000000                        1,164.319017
Epoch17                             0.000000                        1,164.319017
