Epoch#                               Rewards                   Total(Cumulative)
Epoch0                          1,164.216075                        1,164.216075
Epoch1                              0.727926                        1,164.944000
Epoch2                              0.000000                        1,164.944000
Epoch3                              0.000000                        1,164.944000
Epoch4                              0.344072                        1,165.288072
Epoch5                              0.000000                        1,165.288072
Epoch6                              0.000000                        1,165.288072
Epoch7                              0.000000                        1,165.288072
Epoch8                              0.000000                        1,165.288072
Epoch9                              0.000000                        1,165.288072
Epoch10                             0.000000                        1,165.288072
Epoch11                             0.000000                        1,165.288072
Epoch12                             0.000000                        1,165.288072
Epoch13                             0.000000                        1,165.288072
Epoch14                             0.000000                        1,165.288072
Epoch15                             0.000000                        1,165.288072
Epoch16                             0.000000                        1,165.288072
Epoch17                             0.000000                        1,165.288072
Epoch18                             0.000000                        1,165.288072
Epoch19                             0.000000                        1,165.288072
Epoch20                             0.000000                        1,165.288072
Epoch21                             0.000000                        1,165.288072
Epoch22                             0.000000                        1,165.288072
Epoch23                             0.000000                        1,165.288072
Epoch24                             0.000000                        1,165.288072
Epoch25                             0.000000                        1,165.288072
Epoch26                             0.000000                        1,165.288072
Epoch27                             0.000000                        1,165.288072
