Epoch#                               Rewards                   Total(Cumulative)
Epoch0                          6,988.255774                        6,988.255774
Epoch1                              0.021222                        6,988.276996
Epoch2                              0.000000                        6,988.276996
Epoch3                             39.543443                        7,027.820439
Epoch4                              7.443410                        7,035.263849
Epoch5                              0.000000                        7,035.263849
Epoch6                              0.000000                        7,035.263849
Epoch7                              0.000000                        7,035.263849
Epoch8                              0.000000                        7,035.263849
Epoch9                             88.182841                        7,123.446690
Epoch10                             0.307650                        7,123.754340
Epoch11                             7.217942                        7,130.972282
Epoch12                             0.000000                        7,130.972282
Epoch13                             0.000000                        7,130.972282
Epoch14                             0.000000                        7,130.972282
Epoch15                             0.000000                        7,130.972282
Epoch16                             0.000000                        7,130.972282
Epoch17                             0.000000                        7,130.972282
Epoch18                             0.000000                        7,130.972282
Epoch19                             0.000000                        7,130.972282
Epoch20                             0.000000                        7,130.972282
Epoch21                             0.000000                        7,130.972282
Epoch22                             0.000000                        7,130.972282
Epoch23                             0.000000                        7,130.972282
Epoch24                             0.000000                        7,130.972282
Epoch25                             0.000000                        7,130.972282
Epoch26                             0.000000                        7,130.972282
Epoch27                             0.000000                        7,130.972282
Epoch28                             0.000000                        7,130.972282
Epoch29                            12.862959                        7,143.835241
