Epoch#                               Rewards                   Total(Cumulative)
Epoch0                          1,080.919406                        1,080.919406
Epoch1                              0.000000                        1,080.919406
Epoch2                              0.000000                        1,080.919406
Epoch3                              0.000000                        1,080.919406
Epoch4                              0.000000                        1,080.919406
Epoch5                              0.000000                        1,080.919406
Epoch6                              0.000000                        1,080.919406
Epoch7                              0.000000                        1,080.919406
Epoch8                              0.000000                        1,080.919406
Epoch9                              0.000000                        1,080.919406
Epoch10                             0.000000                        1,080.919406
Epoch11                             0.000000                        1,080.919406
Epoch12                             0.000000                        1,080.919406
Epoch13                             0.000000                        1,080.919406
Epoch14                             0.000000                        1,080.919406
