Epoch#                               Rewards                   Total(Cumulative)
Epoch0                          1,163.664853                        1,163.664853
Epoch1                              0.000000                        1,163.664853
Epoch2                              0.000000                        1,163.664853
Epoch3                              0.000000                        1,163.664853
Epoch4                              0.000000                        1,163.664853
Epoch5                              0.000000                        1,163.664853
Epoch6                              0.000000                        1,163.664853
Epoch7                              0.000000                        1,163.664853
Epoch8                              0.000000                        1,163.664853
Epoch9                              0.000000                        1,163.664853
Epoch10                             0.000000                        1,163.664853
Epoch11                             0.000000                        1,163.664853
Epoch12                             0.000000                        1,163.664853
Epoch13                             0.000000                        1,163.664853
Epoch14                             0.000000                        1,163.664853
Epoch15                             0.000000                        1,163.664853
Epoch16                             0.000000                        1,163.664853
