Epoch#                               Rewards                   Total(Cumulative)
Epoch0                          6,413.910000                        6,413.910000
Epoch1                              5.080428                        6,418.990428
Epoch2                             32.927515                        6,451.917943
Epoch3                             19.299396                        6,471.217339
Epoch4                            403.404202                        6,874.621540
Epoch5                            185.532442                        7,060.153982
Epoch6                            578.692558                        7,638.846541
Epoch7                            172.978671                        7,811.825212
Epoch8                             56.005465                        7,867.830677
Epoch9                             48.109170                        7,915.939847
Epoch10                           102.355461                        8,018.295308
Epoch11                            25.248561                        8,043.543870
Epoch12                             0.000000                        8,043.543870
Epoch13                             0.000000                        8,043.543870
Epoch14                             0.000000                        8,043.543870
Epoch15                             0.000000                        8,043.543870
Epoch16                             0.000000                        8,043.543870
Epoch17                             0.000000                        8,043.543870
Epoch18                             0.000000                        8,043.543870
Epoch19                             0.000000                        8,043.543870
Epoch20                             0.000000                        8,043.543870
Epoch21                             0.000000                        8,043.543870
Epoch22                             0.000000                        8,043.543870
Epoch23                             0.000000                        8,043.543870
Epoch24                             0.000000                        8,043.543870
Epoch25                             0.000000                        8,043.543870
Epoch26                             0.000000                        8,043.543870
Epoch27                             0.000000                        8,043.543870
Epoch28                             0.358796                        8,043.902665
