Epoch#                               Rewards                   Total(Cumulative)
Epoch0                          1,172.665263                        1,172.665263
Epoch1                              3.388124                        1,176.053387
Epoch2                              0.000000                        1,176.053387
Epoch3                              0.000000                        1,176.053387
Epoch4                              0.000000                        1,176.053387
Epoch5                              0.000000                        1,176.053387
Epoch6                              0.000000                        1,176.053387
Epoch7                              0.000000                        1,176.053387
Epoch8                              0.000000                        1,176.053387
Epoch9                              7.628960                        1,183.682347
Epoch10                             0.000000                        1,183.682347
Epoch11                             0.000000                        1,183.682347
Epoch12                             0.000000                        1,183.682347
Epoch13                             0.000000                        1,183.682347
Epoch14                             0.000000                        1,183.682347
Epoch15                             0.000000                        1,183.682347
