Epoch#                               Rewards                   Total(Cumulative)
Epoch0                          1,163.536554                        1,163.536554
Epoch1                              0.000000                        1,163.536554
Epoch2                              0.000000                        1,163.536554
Epoch3                              0.000000                        1,163.536554
Epoch4                              0.000000                        1,163.536554
Epoch5                              0.000000                        1,163.536554
Epoch6                              0.000000                        1,163.536554
Epoch7                              0.000000                        1,163.536554
Epoch8                              0.000000                        1,163.536554
Epoch9                              0.000000                        1,163.536554
Epoch10                             0.000000                        1,163.536554
Epoch11                             0.000000                        1,163.536554
Epoch12                             0.000000                        1,163.536554
Epoch13                             0.000000                        1,163.536554
Epoch14                             0.000000                        1,163.536554
Epoch15                             0.000000                        1,163.536554
Epoch16                             0.000000                        1,163.536554
Epoch17                             0.000000                        1,163.536554
Epoch18                             0.000000                        1,163.536554
Epoch19                             0.000000                        1,163.536554
Epoch20                             0.000000                        1,163.536554
Epoch21                             0.000000                        1,163.536554
Epoch22                             0.000000                        1,163.536554
Epoch23                             0.000000                        1,163.536554
Epoch24                             0.000000                        1,163.536554
Epoch25                             0.000000                        1,163.536554
Epoch26                             0.000000                        1,163.536554
Epoch27                             0.000000                        1,163.536554
