Epoch#                               Rewards                   Total(Cumulative)
Epoch0                          1,172.301914                        1,172.301914
Epoch1                              0.000000                        1,172.301914
Epoch2                              0.000000                        1,172.301914
Epoch3                              0.000000                        1,172.301914
Epoch4                              0.000000                        1,172.301914
Epoch5                              0.000000                        1,172.301914
Epoch6                              0.000000                        1,172.301914
Epoch7                              0.000000                        1,172.301914
Epoch8                              0.000000                        1,172.301914
Epoch9                              0.000000                        1,172.301914
Epoch10                             0.000000                        1,172.301914
Epoch11                             0.000000                        1,172.301914
Epoch12                             0.000000                        1,172.301914
Epoch13                             0.000000                        1,172.301914
Epoch14                             0.000000                        1,172.301914
Epoch15                             0.000000                        1,172.301914
