Epoch#                               Rewards                   Total(Cumulative)
Epoch0                          6,420.125235                        6,420.125235
Epoch1                              0.000000                        6,420.125235
Epoch2                             68.450200                        6,488.575436
Epoch3                             21.385174                        6,509.960609
Epoch4                             16.010019                        6,525.970628
Epoch5                              0.000000                        6,525.970628
Epoch6                              0.000000                        6,525.970628
Epoch7                             20.590373                        6,546.561001
Epoch8                              0.000000                        6,546.561001
Epoch9                              2.180529                        6,548.741531
Epoch10                             0.000000                        6,548.741531
Epoch11                             0.000000                        6,548.741531
Epoch12                             0.000000                        6,548.741531
Epoch13                             0.000000                        6,548.741531
Epoch14                             0.000000                        6,548.741531
Epoch15                             0.000000                        6,548.741531
Epoch16                             0.000000                        6,548.741531
Epoch17                             0.000000                        6,548.741531
Epoch18                             0.000000                        6,548.741531
Epoch19                             0.000000                        6,548.741531
Epoch20                             0.000000                        6,548.741531
Epoch21                             0.000000                        6,548.741531
Epoch22                             0.000000                        6,548.741531
Epoch23                             0.000000                        6,548.741531
Epoch24                             0.000000                        6,548.741531
Epoch25                             0.000000                        6,548.741531
Epoch26                             0.000000                        6,548.741531
Epoch27                             0.000000                        6,548.741531
Epoch28                             0.000000                        6,548.741531
Epoch29                             0.000000                        6,548.741531
Epoch30                             0.000000                        6,548.741531
