Epoch#                               Rewards                   Total(Cumulative)
Epoch0                          1,249.317343                        1,249.317343
Epoch1                              0.000000                        1,249.317343
Epoch2                            119.948407                        1,369.265750
Epoch3                             70.339777                        1,439.605527
Epoch4                             18.769219                        1,458.374746
Epoch5                             12.818591                        1,471.193336
Epoch6                              1.124803                        1,472.318140
Epoch7                              1.181151                        1,473.499291
Epoch8                             29.753209                        1,503.252500
Epoch9                              2.862465                        1,506.114965
Epoch10                            60.960178                        1,567.075142
Epoch11                           166.364570                        1,733.439712
Epoch12                             0.000000                        1,733.439712
Epoch13                             0.000000                        1,733.439712
Epoch14                             0.000000                        1,733.439712
Epoch15                             0.000000                        1,733.439712
Epoch16                           386.454285                        2,119.893997
Epoch17                            38.895134                        2,158.789131
