Epoch#                               Rewards                   Total(Cumulative)
Epoch0                          1,163.560955                        1,163.560955
Epoch1                              0.000000                        1,163.560955
Epoch2                              0.000000                        1,163.560955
Epoch3                              0.000000                        1,163.560955
Epoch4                              0.000000                        1,163.560955
Epoch5                              0.000000                        1,163.560955
Epoch6                              0.000000                        1,163.560955
Epoch7                              0.000000                        1,163.560955
Epoch8                              0.000000                        1,163.560955
Epoch9                              0.000000                        1,163.560955
Epoch10                             0.000000                        1,163.560955
Epoch11                             0.000000                        1,163.560955
Epoch12                             0.000000                        1,163.560955
Epoch13                             0.000000                        1,163.560955
Epoch14                             0.000000                        1,163.560955
Epoch15                             0.000000                        1,163.560955
Epoch16                             0.000000                        1,163.560955
