Epoch#                               Rewards                   Total(Cumulative)
Epoch0                          1,164.620639                        1,164.620639
Epoch1                              0.132943                        1,164.753582
Epoch2                              0.000000                        1,164.753582
Epoch3                              0.000000                        1,164.753582
Epoch4                              0.000000                        1,164.753582
Epoch5                              0.000000                        1,164.753582
Epoch6                              0.000000                        1,164.753582
Epoch7                              2.738320                        1,167.491902
Epoch8                             41.900806                        1,209.392708
Epoch9                              8.554338                        1,217.947046
Epoch10                             0.000000                        1,217.947046
Epoch11                             0.000000                        1,217.947046
Epoch12                             0.000000                        1,217.947046
Epoch13                             0.000000                        1,217.947046
Epoch14                             0.000000                        1,217.947046
Epoch15                             0.000000                        1,217.947046
Epoch16                             0.000000                        1,217.947046
