Epoch#                               Rewards                   Total(Cumulative)
Epoch0                              0.000000                            0.000000
Epoch1                              0.000000                            0.000000
Epoch2                              0.000000                            0.000000
Epoch3                              0.000000                            0.000000
Epoch4                              0.000000                            0.000000
Epoch5                              0.000000                            0.000000
Epoch6                              0.000000                            0.000000
Epoch7                              0.000000                            0.000000
Epoch8                            417.955504                          417.955504
Epoch9                          5,117.468756                        5,535.424260
Epoch10                         6,728.381800                       12,263.806060
Epoch11                         4,595.103889                       16,858.909950
Epoch12                             8.582474                       16,867.492424
Epoch13                             0.000000                       16,867.492424
Epoch14                             0.000000                       16,867.492424
Epoch15                         1,086.864506                       17,954.356930
Epoch16                         6,073.997264                       24,028.354195
Epoch17                        22,441.754126                       46,470.108321
Epoch18                        28,841.456735                       75,311.565056
Epoch19                        38,174.819220                      113,486.384275
Epoch20                        31,392.342152                      144,878.726427
Epoch21                        27,606.958761                      172,485.685188
Epoch22                         8,702.192418                      181,187.877606
Epoch23                        22,655.722228                      203,843.599834
Epoch24                        23,325.099055                      227,168.698889
Epoch25                         9,452.473712                      236,621.172600
Epoch26                        13,373.519352                      249,994.691952
Epoch27                        14,049.711486                      264,044.403438
