Epoch#                               Rewards                   Total(Cumulative)
Epoch0                          1,163.829501                        1,163.829501
Epoch1                              0.000000                        1,163.829501
Epoch2                              0.000000                        1,163.829501
Epoch3                              0.000000                        1,163.829501
Epoch4                              0.000000                        1,163.829501
Epoch5                              0.000000                        1,163.829501
Epoch6                              0.000000                        1,163.829501
Epoch7                              0.000000                        1,163.829501
Epoch8                              0.000000                        1,163.829501
Epoch9                              0.000000                        1,163.829501
Epoch10                             0.000000                        1,163.829501
Epoch11                             0.000000                        1,163.829501
Epoch12                             0.000000                        1,163.829501
Epoch13                             0.000000                        1,163.829501
Epoch14                             0.000000                        1,163.829501
