Epoch#                               Rewards                   Total(Cumulative)
Epoch0                          1,164.485712                        1,164.485712
Epoch1                              0.000000                        1,164.485712
Epoch2                              0.000000                        1,164.485712
Epoch3                              1.555927                        1,166.041639
Epoch4                              0.000000                        1,166.041639
Epoch5                              0.000000                        1,166.041639
Epoch6                              0.000000                        1,166.041639
Epoch7                              0.000000                        1,166.041639
Epoch8                              0.000000                        1,166.041639
Epoch9                              0.000000                        1,166.041639
Epoch10                             0.000000                        1,166.041639
Epoch11                             0.000000                        1,166.041639
Epoch12                             0.000000                        1,166.041639
Epoch13                             0.000000                        1,166.041639
Epoch14                             0.000000                        1,166.041639
Epoch15                             0.000000                        1,166.041639
Epoch16                             0.000000                        1,166.041639
