Epoch#                               Rewards                   Total(Cumulative)
Epoch0                          1,163.909070                        1,163.909070
Epoch1                              0.000000                        1,163.909070
Epoch2                              0.000000                        1,163.909070
Epoch3                              0.000000                        1,163.909070
Epoch4                              0.000000                        1,163.909070
Epoch5                              0.000000                        1,163.909070
Epoch6                              0.000000                        1,163.909070
Epoch7                              0.000000                        1,163.909070
Epoch8                              0.000000                        1,163.909070
Epoch9                              0.000000                        1,163.909070
Epoch10                             0.000000                        1,163.909070
Epoch11                             0.000000                        1,163.909070
Epoch12                             0.000000                        1,163.909070
Epoch13                             0.000000                        1,163.909070
Epoch14                             0.000000                        1,163.909070
Epoch15                             0.000000                        1,163.909070
Epoch16                             0.000000                        1,163.909070
Epoch17                             0.000000                        1,163.909070
Epoch18                             0.000000                        1,163.909070
Epoch19                             0.000000                        1,163.909070
Epoch20                             0.000000                        1,163.909070
Epoch21                             0.000000                        1,163.909070
Epoch22                             0.000000                        1,163.909070
Epoch23                             0.000000                        1,163.909070
Epoch24                             0.000000                        1,163.909070
Epoch25                             0.000000                        1,163.909070
Epoch26                             0.000000                        1,163.909070
Epoch27                             0.000000                        1,163.909070
Epoch28                             0.000000                        1,163.909070
