Epoch#                               Rewards                   Total(Cumulative)
Epoch0                          1,163.646577                        1,163.646577
Epoch1                              0.000000                        1,163.646577
Epoch2                              0.000000                        1,163.646577
Epoch3                              0.000000                        1,163.646577
Epoch4                              0.000000                        1,163.646577
Epoch5                              0.000000                        1,163.646577
Epoch6                              0.000000                        1,163.646577
Epoch7                              0.000000                        1,163.646577
Epoch8                              0.000000                        1,163.646577
Epoch9                              0.000000                        1,163.646577
Epoch10                             0.000000                        1,163.646577
Epoch11                             0.000000                        1,163.646577
Epoch12                             0.000000                        1,163.646577
Epoch13                             0.000000                        1,163.646577
Epoch14                             0.000000                        1,163.646577
Epoch15                             0.000000                        1,163.646577
Epoch16                             0.000000                        1,163.646577
Epoch17                             0.000000                        1,163.646577
Epoch18                             0.000000                        1,163.646577
Epoch19                             0.000000                        1,163.646577
Epoch20                             0.000000                        1,163.646577
Epoch21                             0.000000                        1,163.646577
Epoch22                             0.000000                        1,163.646577
Epoch23                             0.000000                        1,163.646577
Epoch24                             0.000000                        1,163.646577
Epoch25                             0.000000                        1,163.646577
Epoch26                             0.000000                        1,163.646577
Epoch27                             0.000000                        1,163.646577
Epoch28                             0.000000                        1,163.646577
Epoch29                             0.000000                        1,163.646577
Epoch30                             0.000000                        1,163.646577
Epoch31                             0.000000                        1,163.646577
