Epoch#                               Rewards                   Total(Cumulative)
Epoch0                            804.632309                          804.632309
Epoch1                          1,115.396617                        1,920.028926
Epoch2                            165.667838                        2,085.696765
Epoch3                             77.845521                        2,163.542286
Epoch4                              0.000000                        2,163.542286
Epoch5                              0.000000                        2,163.542286
Epoch6                              0.000000                        2,163.542286
Epoch7                              0.000000                        2,163.542286
Epoch8                              0.000000                        2,163.542286
Epoch9                              0.000000                        2,163.542286
Epoch10                             0.000000                        2,163.542286
Epoch11                             0.000000                        2,163.542286
Epoch12                             0.000000                        2,163.542286
Epoch13                             0.000000                        2,163.542286
Epoch14                             0.000000                        2,163.542286
Epoch15                             0.000000                        2,163.542286
Epoch16                             0.000000                        2,163.542286
Epoch17                             0.000000                        2,163.542286
Epoch18                             0.000000                        2,163.542286
Epoch19                             0.000000                        2,163.542286
Epoch20                             0.000000                        2,163.542286
Epoch21                             0.000000                        2,163.542286
Epoch22                             0.000000                        2,163.542286
Epoch23                             0.000000                        2,163.542286
Epoch24                             0.000000                        2,163.542286
Epoch25                             0.000000                        2,163.542286
Epoch26                             0.000000                        2,163.542286
Epoch27                             0.000000                        2,163.542286
Epoch28                             0.000000                        2,163.542286
Epoch29                             0.000000                        2,163.542286
