Epoch#                               Rewards                   Total(Cumulative)
Epoch0                          1,163.924279                        1,163.924279
Epoch1                              0.000000                        1,163.924279
Epoch2                              0.000000                        1,163.924279
Epoch3                              0.000000                        1,163.924279
Epoch4                              0.000000                        1,163.924279
Epoch5                              0.000000                        1,163.924279
Epoch6                              0.000000                        1,163.924279
Epoch7                              0.000000                        1,163.924279
Epoch8                              0.000000                        1,163.924279
Epoch9                              0.000000                        1,163.924279
Epoch10                             0.000000                        1,163.924279
Epoch11                             0.000000                        1,163.924279
Epoch12                             0.000000                        1,163.924279
Epoch13                             0.000000                        1,163.924279
Epoch14                             0.000000                        1,163.924279
Epoch15                             0.000000                        1,163.924279
Epoch16                             0.000000                        1,163.924279
Epoch17                             0.000000                        1,163.924279
