Epoch#                               Rewards                   Total(Cumulative)
Epoch0                            197.820003                          197.820003
Epoch1                            875.309491                        1,073.129493
Epoch2                            250.010458                        1,323.139951
Epoch3                             91.063923                        1,414.203874
Epoch4                             70.267894                        1,484.471769
Epoch5                              0.000000                        1,484.471769
Epoch6                              0.000000                        1,484.471769
Epoch7                              0.000000                        1,484.471769
Epoch8                              0.000000                        1,484.471769
Epoch9                              0.000000                        1,484.471769
Epoch10                             0.000000                        1,484.471769
Epoch11                             0.000000                        1,484.471769
Epoch12                             0.000000                        1,484.471769
Epoch13                             0.000000                        1,484.471769
Epoch14                             0.000000                        1,484.471769
Epoch15                             0.000000                        1,484.471769
Epoch16                             0.000000                        1,484.471769
Epoch17                             0.000000                        1,484.471769
Epoch18                             0.000000                        1,484.471769
Epoch19                             0.000000                        1,484.471769
Epoch20                             0.000000                        1,484.471769
Epoch21                             0.000000                        1,484.471769
Epoch22                             0.000000                        1,484.471769
Epoch23                             0.000000                        1,484.471769
Epoch24                             0.000000                        1,484.471769
Epoch25                             0.000000                        1,484.471769
Epoch26                             0.000000                        1,484.471769
Epoch27                             0.000000                        1,484.471769
Epoch28                             0.000000                        1,484.471769
