Epoch#                               Rewards                   Total(Cumulative)
Epoch0                          1,163.671761                        1,163.671761
Epoch1                              0.069546                        1,163.741307
Epoch2                              0.018314                        1,163.759621
Epoch3                              0.000000                        1,163.759621
Epoch4                              0.041429                        1,163.801050
Epoch5                              0.000000                        1,163.801050
Epoch6                              0.000000                        1,163.801050
Epoch7                              0.000000                        1,163.801050
Epoch8                              0.000000                        1,163.801050
Epoch9                              0.000000                        1,163.801050
Epoch10                             0.000000                        1,163.801050
Epoch11                             0.000000                        1,163.801050
Epoch12                             0.000000                        1,163.801050
Epoch13                             0.000000                        1,163.801050
Epoch14                             0.000000                        1,163.801050
Epoch15                             0.000000                        1,163.801050
Epoch16                             0.000000                        1,163.801050
