Epoch#                               Rewards                   Total(Cumulative)
Epoch0                          1,163.976783                        1,163.976783
Epoch1                              0.000000                        1,163.976783
Epoch2                              0.000000                        1,163.976783
Epoch3                              0.000000                        1,163.976783
Epoch4                              0.000000                        1,163.976783
Epoch5                              0.000000                        1,163.976783
Epoch6                              0.000000                        1,163.976783
Epoch7                              0.000000                        1,163.976783
Epoch8                              0.000000                        1,163.976783
Epoch9                              0.000000                        1,163.976783
Epoch10                             0.000000                        1,163.976783
Epoch11                             0.000000                        1,163.976783
Epoch12                             0.000000                        1,163.976783
Epoch13                             0.000000                        1,163.976783
Epoch14                             0.000000                        1,163.976783
Epoch15                             0.000000                        1,163.976783
Epoch16                             0.000000                        1,163.976783
