Epoch#                               Rewards                   Total(Cumulative)
Epoch0                          4,356.326721                        4,356.326721
Epoch1                              0.543277                        4,356.869998
Epoch2                              0.000000                        4,356.869998
Epoch3                              0.106798                        4,356.976796
Epoch4                              0.193956                        4,357.170752
Epoch5                              0.000000                        4,357.170752
Epoch6                              0.000000                        4,357.170752
Epoch7                              0.000000                        4,357.170752
Epoch8                              0.000000                        4,357.170752
Epoch9                              0.910359                        4,358.081111
Epoch10                             0.924376                        4,359.005487
Epoch11                             0.000000                        4,359.005487
Epoch12                             0.000000                        4,359.005487
Epoch13                             0.000000                        4,359.005487
Epoch14                             0.000000                        4,359.005487
