Epoch#                               Rewards                   Total(Cumulative)
Epoch0                          9,556.869796                        9,556.869796
Epoch1                             88.112421                        9,644.982217
Epoch2                              0.000000                        9,644.982217
Epoch3                              4.454751                        9,649.436969
Epoch4                              0.000000                        9,649.436969
Epoch5                              0.000000                        9,649.436969
Epoch6                              0.000000                        9,649.436969
Epoch7                              0.000000                        9,649.436969
Epoch8                              0.000000                        9,649.436969
Epoch9                              0.000000                        9,649.436969
Epoch10                             4.289274                        9,653.726243
Epoch11                             0.000000                        9,653.726243
Epoch12                             0.000000                        9,653.726243
Epoch13                            23.474277                        9,677.200519
Epoch14                            28.110263                        9,705.310782
