Epoch#                               Rewards                   Total(Cumulative)
Epoch0                          1,064.805258                        1,064.805258
Epoch1                              0.000000                        1,064.805258
Epoch2                              0.000000                        1,064.805258
Epoch3                              0.000000                        1,064.805258
Epoch4                              0.000000                        1,064.805258
Epoch5                              0.000000                        1,064.805258
Epoch6                              0.000000                        1,064.805258
Epoch7                              0.000000                        1,064.805258
Epoch8                              0.000000                        1,064.805258
Epoch9                              0.000000                        1,064.805258
Epoch10                             0.000000                        1,064.805258
Epoch11                             0.000000                        1,064.805258
Epoch12                             0.000000                        1,064.805258
Epoch13                             0.000000                        1,064.805258
Epoch14                             0.000000                        1,064.805258
Epoch15                             0.000000                        1,064.805258
