Epoch#                               Rewards                   Total(Cumulative)
Epoch0                          1,168.970586                        1,168.970586
Epoch1                              0.000000                        1,168.970586
Epoch2                              0.000000                        1,168.970586
Epoch3                              0.000000                        1,168.970586
Epoch4                              0.000000                        1,168.970586
Epoch5                              0.000000                        1,168.970586
Epoch6                              0.000000                        1,168.970586
Epoch7                              0.000000                        1,168.970586
Epoch8                              0.000000                        1,168.970586
Epoch9                              0.000000                        1,168.970586
Epoch10                             0.000000                        1,168.970586
Epoch11                             0.000000                        1,168.970586
Epoch12                             0.000000                        1,168.970586
Epoch13                             0.000000                        1,168.970586
Epoch14                             0.000000                        1,168.970586
