Epoch#                               Rewards                   Total(Cumulative)
Epoch0                          1,249.890008                        1,249.890008
Epoch1                              7.739562                        1,257.629570
Epoch2                              0.000000                        1,257.629570
Epoch3                              0.000000                        1,257.629570
Epoch4                              0.000000                        1,257.629570
Epoch5                              0.000000                        1,257.629570
Epoch6                              0.000000                        1,257.629570
Epoch7                              0.000000                        1,257.629570
Epoch8                              0.000000                        1,257.629570
Epoch9                              0.000000                        1,257.629570
Epoch10                             0.000000                        1,257.629570
Epoch11                             0.000000                        1,257.629570
Epoch12                             0.000000                        1,257.629570
Epoch13                             0.000000                        1,257.629570
Epoch14                             0.000000                        1,257.629570
Epoch15                             0.000000                        1,257.629570
Epoch16                             0.000000                        1,257.629570
