Epoch#                               Rewards                   Total(Cumulative)
Epoch0                          1,163.892894                        1,163.892894
Epoch1                              0.000000                        1,163.892894
Epoch2                              0.000000                        1,163.892894
Epoch3                              0.000000                        1,163.892894
Epoch4                              0.000000                        1,163.892894
Epoch5                              0.000000                        1,163.892894
Epoch6                              0.000000                        1,163.892894
Epoch7                              0.000000                        1,163.892894
Epoch8                              0.000000                        1,163.892894
Epoch9                              0.000000                        1,163.892894
Epoch10                             0.000000                        1,163.892894
Epoch11                             0.000000                        1,163.892894
Epoch12                             0.000000                        1,163.892894
Epoch13                             0.000000                        1,163.892894
Epoch14                             0.000000                        1,163.892894
