Epoch#                               Rewards                   Total(Cumulative)
Epoch0                          1,169.124841                        1,169.124841
Epoch1                              0.000000                        1,169.124841
Epoch2                              0.000000                        1,169.124841
Epoch3                              0.000000                        1,169.124841
Epoch4                              0.000000                        1,169.124841
Epoch5                              0.000000                        1,169.124841
Epoch6                              0.021149                        1,169.145990
Epoch7                              0.000000                        1,169.145990
Epoch8                              0.000000                        1,169.145990
Epoch9                              0.000000                        1,169.145990
Epoch10                             0.000000                        1,169.145990
Epoch11                             0.000000                        1,169.145990
Epoch12                             0.000000                        1,169.145990
Epoch13                             0.000000                        1,169.145990
Epoch14                             0.000000                        1,169.145990
Epoch15                             0.000000                        1,169.145990
Epoch16                             0.000000                        1,169.145990
Epoch17                             0.000000                        1,169.145990
Epoch18                             0.000000                        1,169.145990
Epoch19                             0.000000                        1,169.145990
Epoch20                             0.000000                        1,169.145990
Epoch21                             0.000000                        1,169.145990
Epoch22                             0.000000                        1,169.145990
Epoch23                             0.000000                        1,169.145990
Epoch24                             0.000000                        1,169.145990
Epoch25                             0.000000                        1,169.145990
Epoch26                             0.000000                        1,169.145990
Epoch27                             0.000000                        1,169.145990
Epoch28                             0.000000                        1,169.145990
