Epoch#                               Rewards                   Total(Cumulative)
Epoch0                          6,418.064410                        6,418.064410
Epoch1                              0.000000                        6,418.064410
Epoch2                              0.000000                        6,418.064410
Epoch3                              0.000000                        6,418.064410
Epoch4                              0.000000                        6,418.064410
Epoch5                              0.000000                        6,418.064410
Epoch6                              0.000000                        6,418.064410
Epoch7                              0.000000                        6,418.064410
Epoch8                              0.000000                        6,418.064410
Epoch9                              0.000000                        6,418.064410
Epoch10                             0.000000                        6,418.064410
Epoch11                             0.000000                        6,418.064410
Epoch12                             0.000000                        6,418.064410
Epoch13                             0.000000                        6,418.064410
Epoch14                             0.000000                        6,418.064410
Epoch15                             0.000000                        6,418.064410
