Epoch#                               Rewards                   Total(Cumulative)
Epoch0                          1,163.510000                        1,163.510000
Epoch1                              0.000000                        1,163.510000
Epoch2                              2.109261                        1,165.619261
Epoch3                              0.006982                        1,165.626243
Epoch4                              0.000000                        1,165.626243
Epoch5                              0.000000                        1,165.626243
Epoch6                              0.000000                        1,165.626243
Epoch7                              0.000000                        1,165.626243
Epoch8                              0.000000                        1,165.626243
Epoch9                              0.000000                        1,165.626243
Epoch10                             0.000000                        1,165.626243
Epoch11                             0.000000                        1,165.626243
Epoch12                             0.000000                        1,165.626243
Epoch13                             0.000000                        1,165.626243
Epoch14                             0.000000                        1,165.626243
Epoch15                             0.000000                        1,165.626243
Epoch16                             0.000000                        1,165.626243
Epoch17                             0.000000                        1,165.626243
Epoch18                             0.000000                        1,165.626243
Epoch19                             0.000000                        1,165.626243
Epoch20                             0.000000                        1,165.626243
Epoch21                             0.000000                        1,165.626243
Epoch22                             0.000000                        1,165.626243
Epoch23                             0.000000                        1,165.626243
Epoch24                             0.000000                        1,165.626243
Epoch25                             0.000000                        1,165.626243
Epoch26                             0.000000                        1,165.626243
Epoch27                             0.000000                        1,165.626243
Epoch28                             0.000000                        1,165.626243
Epoch29                             0.000000                        1,165.626243
Epoch30                             0.000000                        1,165.626243
Epoch31                             0.000000                        1,165.626243
