Epoch#                               Rewards                   Total(Cumulative)
Epoch0                          6,413.910000                        6,413.910000
Epoch1                              0.000000                        6,413.910000
Epoch2                              0.000000                        6,413.910000
Epoch3                              0.000000                        6,413.910000
Epoch4                              0.000000                        6,413.910000
Epoch5                              0.000000                        6,413.910000
Epoch6                              0.000000                        6,413.910000
Epoch7                              0.000000                        6,413.910000
Epoch8                              0.217115                        6,414.127115
Epoch9                              2.278402                        6,416.405517
Epoch10                             0.026322                        6,416.431840
Epoch11                             0.000000                        6,416.431840
Epoch12                             0.000000                        6,416.431840
Epoch13                             0.000000                        6,416.431840
Epoch14                             0.000000                        6,416.431840
Epoch15                             0.000000                        6,416.431840
Epoch16                             0.000000                        6,416.431840
