Epoch#                               Rewards                   Total(Cumulative)
Epoch0                          4,372.173688                        4,372.173688
Epoch1                              0.000000                        4,372.173688
Epoch2                              0.000000                        4,372.173688
Epoch3                              0.000000                        4,372.173688
Epoch4                              0.000000                        4,372.173688
Epoch5                              0.000000                        4,372.173688
Epoch6                              0.000000                        4,372.173688
Epoch7                              0.000000                        4,372.173688
Epoch8                              0.000000                        4,372.173688
Epoch9                              0.000000                        4,372.173688
Epoch10                             0.000000                        4,372.173688
Epoch11                             0.000000                        4,372.173688
Epoch12                             0.000000                        4,372.173688
Epoch13                             0.000000                        4,372.173688
Epoch14                             0.000000                        4,372.173688
Epoch15                             0.000000                        4,372.173688
Epoch16                             0.000000                        4,372.173688
Epoch17                             0.000000                        4,372.173688
Epoch18                             0.000000                        4,372.173688
Epoch19                             0.000000                        4,372.173688
Epoch20                             0.000000                        4,372.173688
Epoch21                             0.000000                        4,372.173688
Epoch22                             0.000000                        4,372.173688
Epoch23                             0.000000                        4,372.173688
Epoch24                             0.000000                        4,372.173688
Epoch25                             0.000000                        4,372.173688
Epoch26                             0.000000                        4,372.173688
Epoch27                             0.000000                        4,372.173688
