Epoch#                               Rewards                   Total(Cumulative)
Epoch0                          1,163.632574                        1,163.632574
Epoch1                              0.000000                        1,163.632574
Epoch2                              0.000000                        1,163.632574
Epoch3                              0.000000                        1,163.632574
Epoch4                              0.000000                        1,163.632574
Epoch5                              0.000000                        1,163.632574
Epoch6                              0.000000                        1,163.632574
Epoch7                              0.000000                        1,163.632574
Epoch8                              0.000000                        1,163.632574
Epoch9                              0.000000                        1,163.632574
Epoch10                             0.000000                        1,163.632574
Epoch11                             0.000000                        1,163.632574
Epoch12                             0.000000                        1,163.632574
Epoch13                             0.000000                        1,163.632574
Epoch14                             0.000000                        1,163.632574
Epoch15                             0.000000                        1,163.632574
Epoch16                             0.000000                        1,163.632574
