Epoch#                               Rewards                   Total(Cumulative)
Epoch0                          4,370.885193                        4,370.885193
Epoch1                             16.298966                        4,387.184159
Epoch2                              7.193848                        4,394.378007
Epoch3                             59.635478                        4,454.013485
Epoch4                              6.721737                        4,460.735222
Epoch5                              0.000000                        4,460.735222
Epoch6                              0.000000                        4,460.735222
Epoch7                              0.000000                        4,460.735222
Epoch8                              0.000000                        4,460.735222
Epoch9                              0.000000                        4,460.735222
Epoch10                             0.000000                        4,460.735222
Epoch11                             0.000000                        4,460.735222
Epoch12                             0.657364                        4,461.392586
Epoch13                             0.000000                        4,461.392586
Epoch14                             0.000000                        4,461.392586
Epoch15                             0.000000                        4,461.392586
Epoch16                             0.000000                        4,461.392586
Epoch17                             0.000000                        4,461.392586
