Epoch#                               Rewards                   Total(Cumulative)
Epoch0                          1,264.607673                        1,264.607673
Epoch1                              0.000000                        1,264.607673
Epoch2                              0.000000                        1,264.607673
Epoch3                              0.000000                        1,264.607673
Epoch4                              0.000000                        1,264.607673
Epoch5                              0.000000                        1,264.607673
Epoch6                              0.000000                        1,264.607673
Epoch7                              0.000000                        1,264.607673
Epoch8                              0.000000                        1,264.607673
Epoch9                              0.000000                        1,264.607673
Epoch10                             0.000000                        1,264.607673
Epoch11                             0.000000                        1,264.607673
Epoch12                             0.000000                        1,264.607673
Epoch13                             0.000000                        1,264.607673
Epoch14                             0.000000                        1,264.607673
Epoch15                             0.000000                        1,264.607673
Epoch16                             0.000000                        1,264.607673
Epoch17                             0.000000                        1,264.607673
