Epoch#                               Rewards                   Total(Cumulative)
Epoch0                          6,419.718639                        6,419.718639
Epoch1                              0.000000                        6,419.718639
Epoch2                              0.000000                        6,419.718639
Epoch3                              0.000000                        6,419.718639
Epoch4                              0.000000                        6,419.718639
Epoch5                              0.000000                        6,419.718639
Epoch6                              0.000000                        6,419.718639
Epoch7                              0.000000                        6,419.718639
Epoch8                              0.000000                        6,419.718639
Epoch9                              0.000000                        6,419.718639
Epoch10                             0.000000                        6,419.718639
Epoch11                             0.000000                        6,419.718639
Epoch12                             0.000000                        6,419.718639
Epoch13                             0.000000                        6,419.718639
Epoch14                             0.000000                        6,419.718639
