Epoch#                               Rewards                   Total(Cumulative)
Epoch0                          9,539.286596                        9,539.286596
Epoch1                             60.637418                        9,599.924014
Epoch2                            131.659052                        9,731.583066
Epoch3                            192.452027                        9,924.035094
Epoch4                            993.269727                       10,917.304820
Epoch5                            243.853043                       11,161.157863
Epoch6                            709.933990                       11,871.091853
Epoch7                            821.743948                       12,692.835801
Epoch8                            108.252589                       12,801.088390
Epoch9                             81.522333                       12,882.610722
Epoch10                             0.000000                       12,882.610722
Epoch11                             0.000000                       12,882.610722
Epoch12                             0.000000                       12,882.610722
Epoch13                             0.000000                       12,882.610722
Epoch14                             0.000000                       12,882.610722
Epoch15                             0.000000                       12,882.610722
Epoch16                             0.000000                       12,882.610722
Epoch17                             0.000000                       12,882.610722
Epoch18                             0.000000                       12,882.610722
Epoch19                             0.000000                       12,882.610722
Epoch20                             0.000000                       12,882.610722
Epoch21                             0.000000                       12,882.610722
Epoch22                             0.000000                       12,882.610722
Epoch23                             0.000000                       12,882.610722
Epoch24                             0.000000                       12,882.610722
Epoch25                             0.000000                       12,882.610722
Epoch26                             0.000000                       12,882.610722
Epoch27                             0.000000                       12,882.610722
