Epoch#                               Rewards                   Total(Cumulative)
Epoch0                          1,163.510000                        1,163.510000
Epoch1                              0.000000                        1,163.510000
Epoch2                              0.000000                        1,163.510000
Epoch3                              0.000000                        1,163.510000
Epoch4                              1.739766                        1,165.249766
Epoch5                              0.291576                        1,165.541343
Epoch6                              0.295562                        1,165.836904
Epoch7                              0.000000                        1,165.836904
Epoch8                              0.000000                        1,165.836904
Epoch9                              0.380653                        1,166.217557
Epoch10                             0.083761                        1,166.301318
Epoch11                             0.000000                        1,166.301318
Epoch12                             0.000000                        1,166.301318
Epoch13                             0.000000                        1,166.301318
Epoch14                             0.000000                        1,166.301318
Epoch15                             0.000000                        1,166.301318
Epoch16                             0.000000                        1,166.301318
Epoch17                             0.000000                        1,166.301318
Epoch18                             0.000000                        1,166.301318
Epoch19                             0.000000                        1,166.301318
Epoch20                             0.000000                        1,166.301318
Epoch21                             0.000000                        1,166.301318
Epoch22                             0.000000                        1,166.301318
Epoch23                             0.000000                        1,166.301318
Epoch24                             0.000000                        1,166.301318
Epoch25                             0.000000                        1,166.301318
Epoch26                             0.000000                        1,166.301318
Epoch27                             0.872135                        1,167.173453
