Epoch#                               Rewards                   Total(Cumulative)
Epoch0                          4,349.710261                        4,349.710261
Epoch1                              0.622949                        4,350.333210
Epoch2                              0.297526                        4,350.630736
Epoch3                              0.035342                        4,350.666077
Epoch4                              0.101055                        4,350.767132
Epoch5                              0.000000                        4,350.767132
Epoch6                              0.000000                        4,350.767132
Epoch7                              0.000000                        4,350.767132
Epoch8                              0.000000                        4,350.767132
Epoch9                              0.000000                        4,350.767132
Epoch10                             0.000000                        4,350.767132
Epoch11                             0.000000                        4,350.767132
Epoch12                             0.000000                        4,350.767132
Epoch13                             0.000000                        4,350.767132
Epoch14                             0.000000                        4,350.767132
Epoch15                             0.000000                        4,350.767132
Epoch16                             0.000000                        4,350.767132
Epoch17                             0.000000                        4,350.767132
Epoch18                             0.000000                        4,350.767132
Epoch19                             0.000000                        4,350.767132
Epoch20                             0.000000                        4,350.767132
Epoch21                             0.000000                        4,350.767132
Epoch22                             0.000000                        4,350.767132
Epoch23                             0.000000                        4,350.767132
Epoch24                             0.000000                        4,350.767132
Epoch25                             0.000000                        4,350.767132
Epoch26                             0.000000                        4,350.767132
Epoch27                             0.000000                        4,350.767132
Epoch28                             0.000000                        4,350.767132
