Epoch#                               Rewards                   Total(Cumulative)
Epoch0                          1,164.286024                        1,164.286024
Epoch1                              0.000000                        1,164.286024
Epoch2                              0.000000                        1,164.286024
Epoch3                              0.000000                        1,164.286024
Epoch4                              0.000000                        1,164.286024
Epoch5                              0.000000                        1,164.286024
Epoch6                              0.000000                        1,164.286024
Epoch7                              0.000000                        1,164.286024
Epoch8                              0.000000                        1,164.286024
Epoch9                              0.000000                        1,164.286024
Epoch10                             0.000000                        1,164.286024
Epoch11                             0.000000                        1,164.286024
Epoch12                             0.000000                        1,164.286024
Epoch13                             0.000000                        1,164.286024
Epoch14                             0.000000                        1,164.286024
