Epoch#                               Rewards                   Total(Cumulative)
Epoch0                          1,163.739229                        1,163.739229
Epoch1                              0.000000                        1,163.739229
Epoch2                              0.000000                        1,163.739229
Epoch3                              0.000000                        1,163.739229
Epoch4                              0.000000                        1,163.739229
Epoch5                              0.000000                        1,163.739229
Epoch6                              0.000000                        1,163.739229
Epoch7                              0.000000                        1,163.739229
Epoch8                              0.000000                        1,163.739229
Epoch9                              0.000000                        1,163.739229
Epoch10                             0.000000                        1,163.739229
Epoch11                             0.000000                        1,163.739229
Epoch12                             0.000000                        1,163.739229
Epoch13                             0.000000                        1,163.739229
Epoch14                             0.000000                        1,163.739229
Epoch15                             0.000000                        1,163.739229
