Epoch#                               Rewards                   Total(Cumulative)
Epoch0                          1,164.497363                        1,164.497363
Epoch1                              9.011007                        1,173.508371
Epoch2                              0.219297                        1,173.727668
Epoch3                              0.083275                        1,173.810943
Epoch4                              0.099179                        1,173.910122
Epoch5                              0.000000                        1,173.910122
Epoch6                              0.000000                        1,173.910122
Epoch7                              0.000000                        1,173.910122
Epoch8                              0.000000                        1,173.910122
Epoch9                              0.000000                        1,173.910122
Epoch10                             0.000000                        1,173.910122
Epoch11                             0.000000                        1,173.910122
Epoch12                             0.000000                        1,173.910122
Epoch13                             0.000000                        1,173.910122
Epoch14                             0.000000                        1,173.910122
Epoch15                             0.000000                        1,173.910122
Epoch16                             0.000000                        1,173.910122
Epoch17                             0.000000                        1,173.910122
Epoch18                             0.000000                        1,173.910122
Epoch19                             0.000000                        1,173.910122
Epoch20                             0.000000                        1,173.910122
Epoch21                             0.000000                        1,173.910122
Epoch22                             0.000000                        1,173.910122
Epoch23                             0.000000                        1,173.910122
Epoch24                             0.000000                        1,173.910122
Epoch25                             0.000000                        1,173.910122
Epoch26                             0.000000                        1,173.910122
Epoch27                             0.000000                        1,173.910122
Epoch28                             0.000000                        1,173.910122
Epoch29                             0.000000                        1,173.910122
