Epoch#                               Rewards                   Total(Cumulative)
Epoch0                          4,353.676020                        4,353.676020
Epoch1                              0.000000                        4,353.676020
Epoch2                              0.000000                        4,353.676020
Epoch3                              0.000000                        4,353.676020
Epoch4                              0.000000                        4,353.676020
Epoch5                              0.000000                        4,353.676020
Epoch6                              0.000000                        4,353.676020
Epoch7                              0.000000                        4,353.676020
Epoch8                              0.000000                        4,353.676020
Epoch9                              0.109851                        4,353.785871
Epoch10                             0.000000                        4,353.785871
Epoch11                             0.000000                        4,353.785871
Epoch12                             0.000000                        4,353.785871
Epoch13                             0.000000                        4,353.785871
Epoch14                             0.000000                        4,353.785871
Epoch15                             0.000000                        4,353.785871
Epoch16                             0.000000                        4,353.785871
Epoch17                             0.000000                        4,353.785871
Epoch18                             0.000000                        4,353.785871
Epoch19                             0.000000                        4,353.785871
Epoch20                             0.000000                        4,353.785871
Epoch21                             0.000000                        4,353.785871
Epoch22                             0.000000                        4,353.785871
Epoch23                             0.000000                        4,353.785871
Epoch24                             0.000000                        4,353.785871
Epoch25                             0.000000                        4,353.785871
Epoch26                             0.000000                        4,353.785871
Epoch27                             0.000000                        4,353.785871
Epoch28                             0.000000                        4,353.785871
Epoch29                             0.000000                        4,353.785871
