Epoch#                               Rewards                   Total(Cumulative)
Epoch0                          1,164.195065                        1,164.195065
Epoch1                              0.000000                        1,164.195065
Epoch2                              0.000000                        1,164.195065
Epoch3                              0.000000                        1,164.195065
Epoch4                              0.000000                        1,164.195065
Epoch5                              0.000000                        1,164.195065
Epoch6                              0.000000                        1,164.195065
Epoch7                              0.000000                        1,164.195065
Epoch8                              0.000000                        1,164.195065
Epoch9                              0.000000                        1,164.195065
Epoch10                             0.000000                        1,164.195065
Epoch11                             0.000000                        1,164.195065
Epoch12                             0.000000                        1,164.195065
Epoch13                             0.000000                        1,164.195065
Epoch14                             0.000000                        1,164.195065
Epoch15                             0.000000                        1,164.195065
Epoch16                             0.000000                        1,164.195065
Epoch17                             0.000000                        1,164.195065
