Epoch#                               Rewards                   Total(Cumulative)
Epoch0                          1,166.194269                        1,166.194269
Epoch1                              0.109661                        1,166.303929
Epoch2                              0.000000                        1,166.303929
Epoch3                              0.000000                        1,166.303929
Epoch4                              0.000000                        1,166.303929
Epoch5                              0.000000                        1,166.303929
Epoch6                              0.000000                        1,166.303929
Epoch7                              0.000000                        1,166.303929
Epoch8                              0.000000                        1,166.303929
Epoch9                              0.000000                        1,166.303929
Epoch10                             0.000000                        1,166.303929
Epoch11                             0.000000                        1,166.303929
Epoch12                             0.000000                        1,166.303929
Epoch13                             0.000000                        1,166.303929
Epoch14                             0.000000                        1,166.303929
Epoch15                             0.000000                        1,166.303929
