Epoch#                               Rewards                   Total(Cumulative)
Epoch0                         10,738.221147                       10,738.221147
Epoch1                            533.649004                       11,271.870152
Epoch2                            160.234911                       11,432.105063
Epoch3                             70.467989                       11,502.573052
Epoch4                            499.463828                       12,002.036880
Epoch5                            181.346498                       12,183.383378
Epoch6                              0.000000                       12,183.383378
Epoch7                              0.000000                       12,183.383378
Epoch8                              0.000000                       12,183.383378
Epoch9                              0.000000                       12,183.383378
Epoch10                           193.685516                       12,377.068894
Epoch11                           200.076074                       12,577.144968
Epoch12                           432.262916                       13,009.407884
Epoch13                             0.000000                       13,009.407884
Epoch14                             0.000000                       13,009.407884
Epoch15                             0.000000                       13,009.407884
Epoch16                             0.000000                       13,009.407884
Epoch17                             0.000000                       13,009.407884
Epoch18                             0.000000                       13,009.407884
Epoch19                             0.000000                       13,009.407884
Epoch20                             0.000000                       13,009.407884
Epoch21                             0.000000                       13,009.407884
Epoch22                             0.000000                       13,009.407884
Epoch23                             0.000000                       13,009.407884
Epoch24                             0.000000                       13,009.407884
Epoch25                             0.000000                       13,009.407884
Epoch26                             0.000000                       13,009.407884
Epoch27                             0.000000                       13,009.407884
