Epoch#                               Rewards                   Total(Cumulative)
Epoch0                          1,163.582891                        1,163.582891
Epoch1                              0.000000                        1,163.582891
Epoch2                              0.000000                        1,163.582891
Epoch3                              0.000000                        1,163.582891
Epoch4                              0.000000                        1,163.582891
Epoch5                              0.000000                        1,163.582891
Epoch6                              0.000000                        1,163.582891
Epoch7                              0.000000                        1,163.582891
Epoch8                              0.000000                        1,163.582891
Epoch9                              0.000000                        1,163.582891
Epoch10                             0.000000                        1,163.582891
Epoch11                             0.000000                        1,163.582891
Epoch12                             0.000000                        1,163.582891
Epoch13                             0.000000                        1,163.582891
Epoch14                             0.000000                        1,163.582891
Epoch15                             0.000000                        1,163.582891
Epoch16                             0.000000                        1,163.582891
