Epoch#                               Rewards                   Total(Cumulative)
Epoch0                          4,349.983610                        4,349.983610
Epoch1                              0.000000                        4,349.983610
Epoch2                              0.000000                        4,349.983610
Epoch3                              0.000000                        4,349.983610
Epoch4                              0.000000                        4,349.983610
Epoch5                              0.000000                        4,349.983610
Epoch6                              0.000000                        4,349.983610
Epoch7                              0.000000                        4,349.983610
Epoch8                              0.000000                        4,349.983610
Epoch9                              0.000000                        4,349.983610
Epoch10                             0.000000                        4,349.983610
Epoch11                             0.000000                        4,349.983610
Epoch12                             0.000000                        4,349.983610
Epoch13                             0.000000                        4,349.983610
Epoch14                             0.000000                        4,349.983610
Epoch15                             0.000000                        4,349.983610
