Epoch#                               Rewards                   Total(Cumulative)
Epoch0                          1,295.152946                        1,295.152946
Epoch1                            401.572140                        1,696.725087
Epoch2                              0.000000                        1,696.725087
Epoch3                              0.000000                        1,696.725087
Epoch4                              0.000000                        1,696.725087
Epoch5                              0.000000                        1,696.725087
Epoch6                              0.000000                        1,696.725087
Epoch7                              0.000000                        1,696.725087
Epoch8                              0.000000                        1,696.725087
Epoch9                              0.000000                        1,696.725087
Epoch10                             0.000000                        1,696.725087
Epoch11                             0.000000                        1,696.725087
Epoch12                             0.000000                        1,696.725087
Epoch13                             0.000000                        1,696.725087
Epoch14                             0.000000                        1,696.725087
