Epoch#                               Rewards                   Total(Cumulative)
Epoch0                          1,165.690982                        1,165.690982
Epoch1                              0.000000                        1,165.690982
Epoch2                              0.000000                        1,165.690982
Epoch3                              0.000000                        1,165.690982
Epoch4                              0.000000                        1,165.690982
Epoch5                              0.000000                        1,165.690982
Epoch6                              0.000000                        1,165.690982
Epoch7                              0.000000                        1,165.690982
Epoch8                              0.000000                        1,165.690982
Epoch9                              1.252130                        1,166.943113
Epoch10                             0.127366                        1,167.070479
Epoch11                             0.000000                        1,167.070479
Epoch12                             0.000000                        1,167.070479
Epoch13                             0.000000                        1,167.070479
Epoch14                             0.000000                        1,167.070479
Epoch15                             0.000000                        1,167.070479
