Epoch#                               Rewards                   Total(Cumulative)
Epoch0                          4,353.951357                        4,353.951357
Epoch1                              0.445644                        4,354.397001
Epoch2                              0.000000                        4,354.397001
Epoch3                              0.000000                        4,354.397001
Epoch4                              0.000000                        4,354.397001
Epoch5                              0.000000                        4,354.397001
Epoch6                              0.000000                        4,354.397001
Epoch7                              0.000000                        4,354.397001
Epoch8                              0.000000                        4,354.397001
Epoch9                              0.000000                        4,354.397001
Epoch10                             0.000000                        4,354.397001
Epoch11                             0.000000                        4,354.397001
Epoch12                             0.000000                        4,354.397001
Epoch13                             0.000000                        4,354.397001
Epoch14                             0.000000                        4,354.397001
Epoch15                             0.000000                        4,354.397001
Epoch16                             0.000000                        4,354.397001
Epoch17                             0.000000                        4,354.397001
Epoch18                             0.000000                        4,354.397001
Epoch19                             0.000000                        4,354.397001
Epoch20                             0.000000                        4,354.397001
Epoch21                             0.000000                        4,354.397001
Epoch22                             0.000000                        4,354.397001
Epoch23                             0.000000                        4,354.397001
Epoch24                             0.000000                        4,354.397001
Epoch25                             0.000000                        4,354.397001
Epoch26                             0.000000                        4,354.397001
Epoch27                             0.000000                        4,354.397001
