Epoch#                               Rewards                   Total(Cumulative)
Epoch0                          6,452.238808                        6,452.238808
Epoch1                             30.706750                        6,482.945558
Epoch2                              7.919735                        6,490.865292
Epoch3                              0.000000                        6,490.865292
Epoch4                              0.000000                        6,490.865292
Epoch5                              0.000000                        6,490.865292
Epoch6                              0.000000                        6,490.865292
Epoch7                              0.000000                        6,490.865292
Epoch8                              0.000000                        6,490.865292
Epoch9                              0.000000                        6,490.865292
Epoch10                             0.000000                        6,490.865292
Epoch11                             0.000000                        6,490.865292
Epoch12                             0.000000                        6,490.865292
Epoch13                             0.000000                        6,490.865292
Epoch14                             0.000000                        6,490.865292
Epoch15                             0.000000                        6,490.865292
Epoch16                             0.000000                        6,490.865292
Epoch17                             0.000000                        6,490.865292
Epoch18                             0.000000                        6,490.865292
Epoch19                             0.000000                        6,490.865292
Epoch20                             0.000000                        6,490.865292
Epoch21                             0.000000                        6,490.865292
Epoch22                             0.000000                        6,490.865292
Epoch23                             0.000000                        6,490.865292
Epoch24                             0.000000                        6,490.865292
Epoch25                             0.000000                        6,490.865292
Epoch26                             0.000000                        6,490.865292
Epoch27                             0.000000                        6,490.865292
