Epoch#                               Rewards                   Total(Cumulative)
Epoch0                          1,163.997896                        1,163.997896
Epoch1                              0.136924                        1,164.134821
Epoch2                              0.000000                        1,164.134821
Epoch3                              0.000000                        1,164.134821
Epoch4                              0.000000                        1,164.134821
Epoch5                              0.000000                        1,164.134821
Epoch6                              0.000000                        1,164.134821
Epoch7                              0.000000                        1,164.134821
Epoch8                              0.000000                        1,164.134821
Epoch9                              0.000000                        1,164.134821
Epoch10                             0.000000                        1,164.134821
Epoch11                             0.000000                        1,164.134821
Epoch12                             0.000000                        1,164.134821
Epoch13                             0.000000                        1,164.134821
Epoch14                             0.000000                        1,164.134821
Epoch15                             0.000000                        1,164.134821
Epoch16                             0.000000                        1,164.134821
Epoch17                             0.000000                        1,164.134821
Epoch18                             0.000000                        1,164.134821
Epoch19                             0.000000                        1,164.134821
Epoch20                             0.000000                        1,164.134821
Epoch21                             0.000000                        1,164.134821
Epoch22                             0.000000                        1,164.134821
Epoch23                             0.000000                        1,164.134821
Epoch24                             0.000000                        1,164.134821
Epoch25                             0.000000                        1,164.134821
Epoch26                             0.000000                        1,164.134821
Epoch27                             0.000000                        1,164.134821
