Epoch#                               Rewards                   Total(Cumulative)
Epoch0                          4,350.201507                        4,350.201507
Epoch1                              0.000000                        4,350.201507
Epoch2                              0.000000                        4,350.201507
Epoch3                              0.000000                        4,350.201507
Epoch4                              0.000000                        4,350.201507
Epoch5                              0.000000                        4,350.201507
Epoch6                              0.000000                        4,350.201507
Epoch7                              0.000000                        4,350.201507
Epoch8                              0.000000                        4,350.201507
Epoch9                              0.000000                        4,350.201507
Epoch10                             0.000000                        4,350.201507
Epoch11                             0.000000                        4,350.201507
Epoch12                             0.000000                        4,350.201507
Epoch13                             0.000000                        4,350.201507
Epoch14                             0.000000                        4,350.201507
Epoch15                             0.000000                        4,350.201507
