Epoch#                               Rewards                   Total(Cumulative)
Epoch0                          9,529.860000                        9,529.860000
Epoch1                              0.000000                        9,529.860000
Epoch2                              5.824413                        9,535.684413
Epoch3                             15.649876                        9,551.334289
Epoch4                             19.941918                        9,571.276207
Epoch5                              0.000000                        9,571.276207
Epoch6                              0.000000                        9,571.276207
Epoch7                              0.000000                        9,571.276207
Epoch8                              0.000000                        9,571.276207
Epoch9                              0.000000                        9,571.276207
Epoch10                             0.000000                        9,571.276207
Epoch11                             0.000000                        9,571.276207
Epoch12                             0.000000                        9,571.276207
Epoch13                             0.000000                        9,571.276207
Epoch14                             0.000000                        9,571.276207
Epoch15                             0.000000                        9,571.276207
Epoch16                             0.000000                        9,571.276207
Epoch17                            30.481222                        9,601.757429
Epoch18                             0.000000                        9,601.757429
Epoch19                             0.000000                        9,601.757429
Epoch20                             0.000000                        9,601.757429
Epoch21                             0.000000                        9,601.757429
Epoch22                             0.000000                        9,601.757429
Epoch23                             0.000000                        9,601.757429
Epoch24                             0.000000                        9,601.757429
Epoch25                             0.000000                        9,601.757429
Epoch26                             0.000000                        9,601.757429
Epoch27                             0.000000                        9,601.757429
Epoch28                             0.000000                        9,601.757429
Epoch29                             0.000000                        9,601.757429
Epoch30                             0.000000                        9,601.757429
Epoch31                             0.000000                        9,601.757429
