Epoch#                               Rewards                   Total(Cumulative)
Epoch0                          1,181.293112                        1,181.293112
Epoch1                              0.383792                        1,181.676904
Epoch2                              0.000000                        1,181.676904
Epoch3                              0.000000                        1,181.676904
Epoch4                              0.000000                        1,181.676904
Epoch5                              0.000000                        1,181.676904
Epoch6                              0.000000                        1,181.676904
Epoch7                              0.000000                        1,181.676904
Epoch8                              0.000000                        1,181.676904
Epoch9                              0.000000                        1,181.676904
Epoch10                             0.000000                        1,181.676904
Epoch11                             0.000000                        1,181.676904
Epoch12                             0.000000                        1,181.676904
Epoch13                             0.000000                        1,181.676904
Epoch14                             0.000000                        1,181.676904
Epoch15                             0.000000                        1,181.676904
