Epoch#                               Rewards                   Total(Cumulative)
Epoch0                          1,164.932499                        1,164.932499
Epoch1                              2.830833                        1,167.763333
Epoch2                              0.202055                        1,167.965388
Epoch3                              0.008357                        1,167.973745
Epoch4                              0.000000                        1,167.973745
Epoch5                              0.000000                        1,167.973745
Epoch6                              0.000000                        1,167.973745
Epoch7                              0.000000                        1,167.973745
Epoch8                              7.677876                        1,175.651621
Epoch9                             10.241998                        1,185.893619
Epoch10                             0.000000                        1,185.893619
Epoch11                             0.000000                        1,185.893619
Epoch12                             0.000000                        1,185.893619
Epoch13                             0.000000                        1,185.893619
Epoch14                             0.000000                        1,185.893619
