Epoch#                               Rewards                   Total(Cumulative)
Epoch0                          1,167.761723                        1,167.761723
Epoch1                              0.350150                        1,168.111873
Epoch2                              0.000000                        1,168.111873
Epoch3                              0.000000                        1,168.111873
Epoch4                              0.000000                        1,168.111873
Epoch5                              0.000000                        1,168.111873
Epoch6                              0.000000                        1,168.111873
Epoch7                              0.000000                        1,168.111873
Epoch8                              0.090527                        1,168.202400
Epoch9                              0.000000                        1,168.202400
Epoch10                             0.000000                        1,168.202400
Epoch11                             0.000000                        1,168.202400
Epoch12                             0.000000                        1,168.202400
Epoch13                             0.000000                        1,168.202400
Epoch14                             0.000000                        1,168.202400
Epoch15                             0.000000                        1,168.202400
