Epoch#                               Rewards                   Total(Cumulative)
Epoch0                          1,173.329323                        1,173.329323
Epoch1                              2.931663                        1,176.260986
Epoch2                              0.371372                        1,176.632358
Epoch3                              0.000000                        1,176.632358
Epoch4                              0.000000                        1,176.632358
Epoch5                              0.000000                        1,176.632358
Epoch6                              0.000000                        1,176.632358
Epoch7                              0.000000                        1,176.632358
Epoch8                              0.000000                        1,176.632358
Epoch9                              0.000000                        1,176.632358
Epoch10                             0.000000                        1,176.632358
Epoch11                             0.000000                        1,176.632358
Epoch12                             0.000000                        1,176.632358
Epoch13                             0.000000                        1,176.632358
Epoch14                             0.000000                        1,176.632358
Epoch15                             0.000000                        1,176.632358
Epoch16                             0.000000                        1,176.632358
Epoch17                             0.000000                        1,176.632358
Epoch18                             0.000000                        1,176.632358
Epoch19                             0.000000                        1,176.632358
Epoch20                             0.000000                        1,176.632358
Epoch21                             0.000000                        1,176.632358
Epoch22                             0.000000                        1,176.632358
Epoch23                             0.000000                        1,176.632358
Epoch24                             0.000000                        1,176.632358
Epoch25                             0.000000                        1,176.632358
Epoch26                             0.000000                        1,176.632358
Epoch27                             0.000000                        1,176.632358
Epoch28                             0.000000                        1,176.632358
Epoch29                             0.000000                        1,176.632358
Epoch30                             0.000000                        1,176.632358
