Epoch#                               Rewards                   Total(Cumulative)
Epoch0                          1,164.049483                        1,164.049483
Epoch1                              0.000000                        1,164.049483
Epoch2                              0.000000                        1,164.049483
Epoch3                              0.000000                        1,164.049483
Epoch4                              0.000000                        1,164.049483
Epoch5                              0.000000                        1,164.049483
Epoch6                              0.000000                        1,164.049483
Epoch7                              0.000000                        1,164.049483
Epoch8                              0.000000                        1,164.049483
Epoch9                              0.000000                        1,164.049483
Epoch10                             0.000000                        1,164.049483
Epoch11                             0.000000                        1,164.049483
Epoch12                             0.000000                        1,164.049483
Epoch13                             0.000000                        1,164.049483
Epoch14                             0.000000                        1,164.049483
Epoch15                             0.000000                        1,164.049483
Epoch16                             0.000000                        1,164.049483
Epoch17                             0.000000                        1,164.049483
