Epoch#                               Rewards                   Total(Cumulative)
Epoch0                          1,238.586937                        1,238.586937
Epoch1                              0.000000                        1,238.586937
Epoch2                              0.000000                        1,238.586937
Epoch3                              0.000000                        1,238.586937
Epoch4                              0.000000                        1,238.586937
Epoch5                              0.000000                        1,238.586937
Epoch6                              0.000000                        1,238.586937
Epoch7                              0.000000                        1,238.586937
Epoch8                              0.000000                        1,238.586937
Epoch9                              0.000000                        1,238.586937
Epoch10                             0.000000                        1,238.586937
Epoch11                             0.000000                        1,238.586937
Epoch12                             0.000000                        1,238.586937
Epoch13                             0.000000                        1,238.586937
Epoch14                             0.000000                        1,238.586937
Epoch15                             0.000000                        1,238.586937
Epoch16                             0.000000                        1,238.586937
Epoch17                             0.000000                        1,238.586937
