Epoch#                               Rewards                   Total(Cumulative)
Epoch0                          1,314.016649                        1,314.016649
Epoch1                            186.942459                        1,500.959108
Epoch2                             78.140147                        1,579.099255
Epoch3                              0.000000                        1,579.099255
Epoch4                              0.000000                        1,579.099255
Epoch5                              0.000000                        1,579.099255
Epoch6                              0.000000                        1,579.099255
Epoch7                              0.000000                        1,579.099255
Epoch8                              0.000000                        1,579.099255
Epoch9                              0.000000                        1,579.099255
Epoch10                             0.000000                        1,579.099255
Epoch11                             0.000000                        1,579.099255
Epoch12                             0.000000                        1,579.099255
Epoch13                             0.000000                        1,579.099255
Epoch14                             0.000000                        1,579.099255
Epoch15                             0.000000                        1,579.099255
Epoch16                             0.000000                        1,579.099255
