Epoch#                               Rewards                   Total(Cumulative)
Epoch0                          6,450.755420                        6,450.755420
Epoch1                             21.139720                        6,471.895140
Epoch2                              0.000000                        6,471.895140
Epoch3                              0.000000                        6,471.895140
Epoch4                              0.000000                        6,471.895140
Epoch5                              0.000000                        6,471.895140
Epoch6                              0.000000                        6,471.895140
Epoch7                              0.000000                        6,471.895140
Epoch8                              0.000000                        6,471.895140
Epoch9                              0.000000                        6,471.895140
Epoch10                             0.000000                        6,471.895140
Epoch11                             0.000000                        6,471.895140
Epoch12                             0.000000                        6,471.895140
Epoch13                             0.000000                        6,471.895140
Epoch14                             0.000000                        6,471.895140
Epoch15                             0.000000                        6,471.895140
