Epoch#                               Rewards                   Total(Cumulative)
Epoch0                          4,366.190737                        4,366.190737
Epoch1                              0.193034                        4,366.383770
Epoch2                              0.000000                        4,366.383770
Epoch3                              0.000000                        4,366.383770
Epoch4                              0.000000                        4,366.383770
Epoch5                              0.000000                        4,366.383770
Epoch6                              0.000000                        4,366.383770
Epoch7                              0.000000                        4,366.383770
Epoch8                              0.000000                        4,366.383770
Epoch9                              0.000000                        4,366.383770
Epoch10                             0.000000                        4,366.383770
Epoch11                             0.000000                        4,366.383770
Epoch12                             0.000000                        4,366.383770
Epoch13                             0.000000                        4,366.383770
Epoch14                             0.000000                        4,366.383770
Epoch15                             0.000000                        4,366.383770
Epoch16                             0.000000                        4,366.383770
Epoch17                             0.000000                        4,366.383770
