Epoch#                               Rewards                   Total(Cumulative)
Epoch0                          4,355.405113                        4,355.405113
Epoch1                              1.799121                        4,357.204234
Epoch2                              0.000000                        4,357.204234
Epoch3                              0.000000                        4,357.204234
Epoch4                              0.000000                        4,357.204234
Epoch5                              0.000000                        4,357.204234
Epoch6                              0.000000                        4,357.204234
Epoch7                              0.000000                        4,357.204234
Epoch8                              0.000000                        4,357.204234
Epoch9                              0.000000                        4,357.204234
Epoch10                             0.000000                        4,357.204234
Epoch11                             0.000000                        4,357.204234
Epoch12                             0.000000                        4,357.204234
Epoch13                             0.000000                        4,357.204234
Epoch14                             0.000000                        4,357.204234
Epoch15                             0.000000                        4,357.204234
Epoch16                             0.000000                        4,357.204234
