Epoch#                               Rewards                   Total(Cumulative)
Epoch0                          4,351.166070                        4,351.166070
Epoch1                              1.234137                        4,352.400207
Epoch2                              0.000000                        4,352.400207
Epoch3                              0.245988                        4,352.646194
Epoch4                              0.139859                        4,352.786054
Epoch5                              0.000000                        4,352.786054
Epoch6                              0.000000                        4,352.786054
Epoch7                              0.000000                        4,352.786054
Epoch8                              0.000000                        4,352.786054
Epoch9                              0.000000                        4,352.786054
Epoch10                             0.000000                        4,352.786054
Epoch11                             0.000000                        4,352.786054
Epoch12                             0.000000                        4,352.786054
Epoch13                             0.000000                        4,352.786054
Epoch14                             0.000000                        4,352.786054
Epoch15                             0.000000                        4,352.786054
Epoch16                             0.000000                        4,352.786054
Epoch17                             0.000000                        4,352.786054
Epoch18                             0.000000                        4,352.786054
Epoch19                             0.000000                        4,352.786054
Epoch20                             0.000000                        4,352.786054
Epoch21                             0.000000                        4,352.786054
Epoch22                             0.000000                        4,352.786054
Epoch23                             0.000000                        4,352.786054
Epoch24                             0.000000                        4,352.786054
Epoch25                             0.000000                        4,352.786054
Epoch26                             0.000000                        4,352.786054
Epoch27                             0.000000                        4,352.786054
Epoch28                             0.000000                        4,352.786054
Epoch29                             0.000000                        4,352.786054
