Epoch#                               Rewards                   Total(Cumulative)
Epoch0                          1,163.587196                        1,163.587196
Epoch1                              0.000000                        1,163.587196
Epoch2                              0.111805                        1,163.699000
Epoch3                              0.146749                        1,163.845749
Epoch4                              0.000000                        1,163.845749
Epoch5                              0.000000                        1,163.845749
Epoch6                              0.000000                        1,163.845749
Epoch7                              0.000000                        1,163.845749
Epoch8                              0.000000                        1,163.845749
Epoch9                              0.000000                        1,163.845749
Epoch10                             0.000000                        1,163.845749
Epoch11                             0.000000                        1,163.845749
Epoch12                             0.000000                        1,163.845749
Epoch13                             0.000000                        1,163.845749
Epoch14                             0.000000                        1,163.845749
Epoch15                             0.000000                        1,163.845749
Epoch16                             0.000000                        1,163.845749
Epoch17                             0.000000                        1,163.845749
Epoch18                             0.000000                        1,163.845749
Epoch19                             0.000000                        1,163.845749
Epoch20                             0.000000                        1,163.845749
Epoch21                             0.000000                        1,163.845749
Epoch22                             0.000000                        1,163.845749
Epoch23                             0.000000                        1,163.845749
Epoch24                             0.000000                        1,163.845749
Epoch25                             0.000000                        1,163.845749
Epoch26                             0.000000                        1,163.845749
Epoch27                             0.000000                        1,163.845749
Epoch28                             0.000000                        1,163.845749
Epoch29                             0.000000                        1,163.845749
Epoch30                             0.000000                        1,163.845749
