Epoch#                               Rewards                   Total(Cumulative)
Epoch0                          1,167.958352                        1,167.958352
Epoch1                              1.993097                        1,169.951450
Epoch2                              0.569923                        1,170.521373
Epoch3                              0.000000                        1,170.521373
Epoch4                              2.722039                        1,173.243412
Epoch5                              2.334578                        1,175.577990
Epoch6                              0.000000                        1,175.577990
Epoch7                              0.000000                        1,175.577990
Epoch8                              0.000000                        1,175.577990
Epoch9                              0.000000                        1,175.577990
Epoch10                             0.000000                        1,175.577990
Epoch11                             0.000000                        1,175.577990
Epoch12                             0.000000                        1,175.577990
Epoch13                             0.000000                        1,175.577990
Epoch14                             0.000000                        1,175.577990
Epoch15                             0.000000                        1,175.577990
Epoch16                             0.000000                        1,175.577990
Epoch17                             0.000000                        1,175.577990
Epoch18                             0.000000                        1,175.577990
Epoch19                             0.000000                        1,175.577990
Epoch20                             0.000000                        1,175.577990
Epoch21                             0.000000                        1,175.577990
Epoch22                             0.000000                        1,175.577990
Epoch23                             0.000000                        1,175.577990
Epoch24                             0.000000                        1,175.577990
Epoch25                             0.000000                        1,175.577990
Epoch26                             0.000000                        1,175.577990
Epoch27                             0.000000                        1,175.577990
Epoch28                             0.000000                        1,175.577990
Epoch29                             0.000000                        1,175.577990
Epoch30                             0.000000                        1,175.577990
