Epoch#                               Rewards                   Total(Cumulative)
Epoch0                          1,164.680628                        1,164.680628
Epoch1                              0.000000                        1,164.680628
Epoch2                              0.000000                        1,164.680628
Epoch3                              0.000000                        1,164.680628
Epoch4                              0.000000                        1,164.680628
Epoch5                              0.000000                        1,164.680628
Epoch6                              0.000000                        1,164.680628
Epoch7                              0.000000                        1,164.680628
Epoch8                              0.000000                        1,164.680628
Epoch9                              0.000000                        1,164.680628
Epoch10                             0.000000                        1,164.680628
Epoch11                             0.000000                        1,164.680628
Epoch12                             0.000000                        1,164.680628
Epoch13                             0.000000                        1,164.680628
Epoch14                             0.000000                        1,164.680628
Epoch15                             0.000000                        1,164.680628
Epoch16                             0.000000                        1,164.680628
