Epoch#                               Rewards                   Total(Cumulative)
Epoch0                          1,164.411366                        1,164.411366
Epoch1                              0.034244                        1,164.445609
Epoch2                              0.000000                        1,164.445609
Epoch3                              0.000000                        1,164.445609
Epoch4                              0.000000                        1,164.445609
Epoch5                              0.000000                        1,164.445609
Epoch6                              0.000000                        1,164.445609
Epoch7                              0.000000                        1,164.445609
Epoch8                              0.000000                        1,164.445609
Epoch9                              0.000000                        1,164.445609
Epoch10                             0.000000                        1,164.445609
Epoch11                             0.000000                        1,164.445609
Epoch12                             0.000000                        1,164.445609
Epoch13                             0.000000                        1,164.445609
Epoch14                             0.000000                        1,164.445609
Epoch15                             0.000000                        1,164.445609
