Epoch#                               Rewards                   Total(Cumulative)
Epoch0                          1,163.580087                        1,163.580087
Epoch1                              0.000000                        1,163.580087
Epoch2                              0.000000                        1,163.580087
Epoch3                              0.000000                        1,163.580087
Epoch4                              0.000000                        1,163.580087
Epoch5                              0.000000                        1,163.580087
Epoch6                              0.000000                        1,163.580087
Epoch7                              0.000000                        1,163.580087
Epoch8                              0.000000                        1,163.580087
Epoch9                              0.000000                        1,163.580087
Epoch10                             0.000000                        1,163.580087
Epoch11                             0.000000                        1,163.580087
Epoch12                             0.000000                        1,163.580087
Epoch13                             0.000000                        1,163.580087
Epoch14                             0.000000                        1,163.580087
Epoch15                             0.000000                        1,163.580087
Epoch16                             0.000000                        1,163.580087
