Epoch#                               Rewards                   Total(Cumulative)
Epoch0                         11,914.349545                       11,914.349545
Epoch1                              0.000000                       11,914.349545
Epoch2                              0.000000                       11,914.349545
Epoch3                              0.000000                       11,914.349545
Epoch4                              0.000000                       11,914.349545
Epoch5                              0.000000                       11,914.349545
Epoch6                              0.000000                       11,914.349545
Epoch7                              0.000000                       11,914.349545
Epoch8                              0.000000                       11,914.349545
Epoch9                              0.000000                       11,914.349545
Epoch10                             0.000000                       11,914.349545
Epoch11                             0.000000                       11,914.349545
Epoch12                             0.000000                       11,914.349545
Epoch13                             0.000000                       11,914.349545
Epoch14                             0.000000                       11,914.349545
