Epoch#                               Rewards                   Total(Cumulative)
Epoch0                              0.000000                            0.000000
Epoch1                              0.000000                            0.000000
Epoch2                              0.000000                            0.000000
Epoch3                         14,221.725291                       14,221.725291
Epoch4                         29,425.691055                       43,647.416346
Epoch5                         15,833.218399                       59,480.634746
Epoch6                         23,899.459336                       83,380.094081
Epoch7                         19,775.806192                      103,155.900273
Epoch8                         15,201.248370                      118,357.148643
Epoch9                         41,390.571331                      159,747.719974
Epoch10                        18,185.717011                      177,933.436984
Epoch11                        23,453.286729                      201,386.723713
Epoch12                       210,971.360964                      412,358.084677
Epoch13                       105,824.584550                      518,182.669227
Epoch14                        38,562.587516                      556,745.256743
Epoch15                        20,069.527142                      576,814.783884
