Epoch#                               Rewards                   Total(Cumulative)
Epoch0                          1,165.007570                        1,165.007570
Epoch1                              0.000000                        1,165.007570
Epoch2                              0.000000                        1,165.007570
Epoch3                              0.000000                        1,165.007570
Epoch4                              0.000000                        1,165.007570
Epoch5                              0.000000                        1,165.007570
Epoch6                              0.000000                        1,165.007570
Epoch7                              0.000000                        1,165.007570
Epoch8                              0.000000                        1,165.007570
Epoch9                              0.000000                        1,165.007570
Epoch10                             0.000000                        1,165.007570
Epoch11                             0.000000                        1,165.007570
Epoch12                             0.000000                        1,165.007570
Epoch13                             0.000000                        1,165.007570
Epoch14                             0.000000                        1,165.007570
Epoch15                             0.000000                        1,165.007570
Epoch16                             0.000000                        1,165.007570
