Epoch#                               Rewards                   Total(Cumulative)
Epoch0                          1,164.832290                        1,164.832290
Epoch1                              0.000000                        1,164.832290
Epoch2                              0.000000                        1,164.832290
Epoch3                              0.000000                        1,164.832290
Epoch4                              0.000000                        1,164.832290
Epoch5                              0.000000                        1,164.832290
Epoch6                              0.000000                        1,164.832290
Epoch7                              0.000000                        1,164.832290
Epoch8                              0.000000                        1,164.832290
Epoch9                              0.000000                        1,164.832290
Epoch10                             0.000000                        1,164.832290
Epoch11                             0.000000                        1,164.832290
Epoch12                             0.000000                        1,164.832290
Epoch13                             0.000000                        1,164.832290
Epoch14                             0.000000                        1,164.832290
Epoch15                             0.000000                        1,164.832290
