Epoch#                               Rewards                   Total(Cumulative)
Epoch0                          1,234.913972                        1,234.913972
Epoch1                            149.607478                        1,384.521451
Epoch2                            180.052141                        1,564.573591
Epoch3                             79.738335                        1,644.311927
Epoch4                              0.743487                        1,645.055414
Epoch5                              0.000000                        1,645.055414
Epoch6                              0.000000                        1,645.055414
Epoch7                              0.000000                        1,645.055414
Epoch8                              0.000000                        1,645.055414
Epoch9                              0.000000                        1,645.055414
Epoch10                             0.000000                        1,645.055414
Epoch11                             0.000000                        1,645.055414
Epoch12                             0.000000                        1,645.055414
Epoch13                             0.000000                        1,645.055414
Epoch14                             0.000000                        1,645.055414
Epoch15                             0.000000                        1,645.055414
