Epoch#                               Rewards                   Total(Cumulative)
Epoch0                          1,164.516254                        1,164.516254
Epoch1                              0.000000                        1,164.516254
Epoch2                              0.000000                        1,164.516254
Epoch3                              0.000000                        1,164.516254
Epoch4                              0.000000                        1,164.516254
Epoch5                              0.000000                        1,164.516254
Epoch6                              0.000000                        1,164.516254
Epoch7                              0.000000                        1,164.516254
Epoch8                              0.000000                        1,164.516254
Epoch9                              0.000000                        1,164.516254
Epoch10                             0.000000                        1,164.516254
Epoch11                             0.000000                        1,164.516254
Epoch12                             0.000000                        1,164.516254
Epoch13                             0.000000                        1,164.516254
Epoch14                             0.000000                        1,164.516254
Epoch15                             0.000000                        1,164.516254
Epoch16                             0.000000                        1,164.516254
