Epoch#                               Rewards                   Total(Cumulative)
Epoch0                          1,181.527904                        1,181.527904
Epoch1                              7.016915                        1,188.544819
Epoch2                              0.000000                        1,188.544819
Epoch3                              0.000000                        1,188.544819
Epoch4                              0.000000                        1,188.544819
Epoch5                              0.000000                        1,188.544819
Epoch6                              0.000000                        1,188.544819
Epoch7                              0.000000                        1,188.544819
Epoch8                              0.000000                        1,188.544819
Epoch9                              0.000000                        1,188.544819
Epoch10                             0.000000                        1,188.544819
Epoch11                             0.000000                        1,188.544819
Epoch12                             0.000000                        1,188.544819
Epoch13                             0.000000                        1,188.544819
Epoch14                             0.000000                        1,188.544819
Epoch15                             0.000000                        1,188.544819
Epoch16                             0.000000                        1,188.544819
Epoch17                             0.000000                        1,188.544819
Epoch18                             0.000000                        1,188.544819
Epoch19                             0.000000                        1,188.544819
Epoch20                             0.000000                        1,188.544819
Epoch21                             0.000000                        1,188.544819
Epoch22                             0.000000                        1,188.544819
Epoch23                             0.000000                        1,188.544819
Epoch24                             0.000000                        1,188.544819
Epoch25                             0.000000                        1,188.544819
Epoch26                             0.000000                        1,188.544819
Epoch27                             0.000000                        1,188.544819
