Epoch#                               Rewards                   Total(Cumulative)
Epoch0                          2,222.053655                        2,222.053655
Epoch1                              3.035079                        2,225.088734
Epoch2                              0.000000                        2,225.088734
Epoch3                              0.000000                        2,225.088734
Epoch4                              0.000000                        2,225.088734
Epoch5                              0.000000                        2,225.088734
Epoch6                              0.000000                        2,225.088734
Epoch7                              0.000000                        2,225.088734
Epoch8                              0.000000                        2,225.088734
Epoch9                              0.000000                        2,225.088734
Epoch10                             0.000000                        2,225.088734
Epoch11                             0.000000                        2,225.088734
Epoch12                             0.000000                        2,225.088734
Epoch13                             0.000000                        2,225.088734
Epoch14                             0.000000                        2,225.088734
Epoch15                             0.000000                        2,225.088734
