Epoch#                               Rewards                   Total(Cumulative)
Epoch0                          1,167.494941                        1,167.494941
Epoch1                              0.000000                        1,167.494941
Epoch2                              0.000000                        1,167.494941
Epoch3                              0.000000                        1,167.494941
Epoch4                              0.000000                        1,167.494941
Epoch5                              0.000000                        1,167.494941
Epoch6                              0.000000                        1,167.494941
Epoch7                              0.000000                        1,167.494941
Epoch8                              0.000000                        1,167.494941
Epoch9                              0.000000                        1,167.494941
Epoch10                             0.000000                        1,167.494941
Epoch11                             0.000000                        1,167.494941
Epoch12                             0.000000                        1,167.494941
Epoch13                             0.000000                        1,167.494941
Epoch14                             0.000000                        1,167.494941
Epoch15                             0.000000                        1,167.494941
