Epoch#                               Rewards                   Total(Cumulative)
Epoch0                          4,390.829577                        4,390.829577
Epoch1                             77.709555                        4,468.539132
Epoch2                              3.476629                        4,472.015761
Epoch3                              8.021518                        4,480.037279
Epoch4                              0.000000                        4,480.037279
Epoch5                              0.000000                        4,480.037279
Epoch6                             49.483643                        4,529.520922
Epoch7                              0.000000                        4,529.520922
Epoch8                              0.000000                        4,529.520922
Epoch9                              0.000000                        4,529.520922
Epoch10                             0.000000                        4,529.520922
Epoch11                             0.000000                        4,529.520922
Epoch12                             0.000000                        4,529.520922
Epoch13                             0.000000                        4,529.520922
Epoch14                             0.000000                        4,529.520922
Epoch15                             0.000000                        4,529.520922
Epoch16                             0.000000                        4,529.520922
Epoch17                             0.000000                        4,529.520922
Epoch18                             0.000000                        4,529.520922
Epoch19                             0.000000                        4,529.520922
Epoch20                             0.000000                        4,529.520922
Epoch21                             0.000000                        4,529.520922
Epoch22                             0.000000                        4,529.520922
Epoch23                             0.000000                        4,529.520922
Epoch24                             0.000000                        4,529.520922
Epoch25                             0.000000                        4,529.520922
Epoch26                             0.000000                        4,529.520922
Epoch27                             0.000000                        4,529.520922
