Epoch#                               Rewards                   Total(Cumulative)
Epoch0                          6,414.086853                        6,414.086853
Epoch1                              0.000000                        6,414.086853
Epoch2                             10.645092                        6,424.731945
Epoch3                              5.081676                        6,429.813622
Epoch4                              1.455550                        6,431.269171
Epoch5                              0.000000                        6,431.269171
Epoch6                              0.000000                        6,431.269171
Epoch7                             72.681056                        6,503.950227
Epoch8                             17.585950                        6,521.536177
Epoch9                              0.000000                        6,521.536177
Epoch10                             0.000000                        6,521.536177
Epoch11                             0.000000                        6,521.536177
Epoch12                            12.625512                        6,534.161689
Epoch13                             0.000000                        6,534.161689
Epoch14                             0.000000                        6,534.161689
Epoch15                             0.000000                        6,534.161689
Epoch16                             0.000000                        6,534.161689
Epoch17                             0.000000                        6,534.161689
Epoch18                             0.000000                        6,534.161689
Epoch19                             0.000000                        6,534.161689
Epoch20                             0.000000                        6,534.161689
Epoch21                             0.000000                        6,534.161689
Epoch22                             0.000000                        6,534.161689
Epoch23                             0.000000                        6,534.161689
Epoch24                             0.000000                        6,534.161689
Epoch25                             0.000000                        6,534.161689
Epoch26                             0.000000                        6,534.161689
Epoch27                             0.000000                        6,534.161689
Epoch28                             0.000000                        6,534.161689
Epoch29                             0.000000                        6,534.161689
