Epoch#                               Rewards                   Total(Cumulative)
Epoch0                          1,126.833908                        1,126.833908
Epoch1                              0.000000                        1,126.833908
Epoch2                              0.000000                        1,126.833908
Epoch3                              0.000000                        1,126.833908
Epoch4                              0.000000                        1,126.833908
Epoch5                              0.000000                        1,126.833908
Epoch6                              0.000000                        1,126.833908
Epoch7                              0.000000                        1,126.833908
Epoch8                              0.000000                        1,126.833908
Epoch9                              0.000000                        1,126.833908
Epoch10                             0.000000                        1,126.833908
Epoch11                             0.000000                        1,126.833908
Epoch12                             0.000000                        1,126.833908
Epoch13                             0.000000                        1,126.833908
Epoch14                             0.000000                        1,126.833908
