Epoch#                               Rewards                   Total(Cumulative)
Epoch0                          4,354.737333                        4,354.737333
Epoch1                            258.506843                        4,613.244176
Epoch2                            483.937004                        5,097.181180
Epoch3                              1.736881                        5,098.918062
Epoch4                              0.000000                        5,098.918062
Epoch5                              0.000000                        5,098.918062
Epoch6                              0.000000                        5,098.918062
Epoch7                              0.000000                        5,098.918062
Epoch8                              0.000000                        5,098.918062
Epoch9                              0.010597                        5,098.928658
Epoch10                             0.000000                        5,098.928658
Epoch11                             0.000000                        5,098.928658
Epoch12                             0.000000                        5,098.928658
Epoch13                             0.000000                        5,098.928658
Epoch14                             0.000000                        5,098.928658
Epoch15                             0.000000                        5,098.928658
Epoch16                             0.000000                        5,098.928658
Epoch17                             0.000000                        5,098.928658
Epoch18                             0.000000                        5,098.928658
Epoch19                             0.000000                        5,098.928658
Epoch20                             0.000000                        5,098.928658
Epoch21                             0.000000                        5,098.928658
Epoch22                             0.000000                        5,098.928658
Epoch23                             0.000000                        5,098.928658
Epoch24                             0.000000                        5,098.928658
Epoch25                             0.000000                        5,098.928658
Epoch26                             0.000000                        5,098.928658
Epoch27                             0.000000                        5,098.928658
