Epoch#                               Rewards                   Total(Cumulative)
Epoch0                          1,163.623835                        1,163.623835
Epoch1                              0.000000                        1,163.623835
Epoch2                              0.000000                        1,163.623835
Epoch3                              0.000000                        1,163.623835
Epoch4                              0.000000                        1,163.623835
Epoch5                              0.000000                        1,163.623835
Epoch6                              0.000000                        1,163.623835
Epoch7                              0.000000                        1,163.623835
Epoch8                              0.000000                        1,163.623835
Epoch9                              0.000000                        1,163.623835
Epoch10                             0.000000                        1,163.623835
Epoch11                             0.000000                        1,163.623835
Epoch12                             0.000000                        1,163.623835
Epoch13                             0.000000                        1,163.623835
Epoch14                             0.000000                        1,163.623835
Epoch15                             0.000000                        1,163.623835
Epoch16                             0.000000                        1,163.623835
