Epoch#                               Rewards                   Total(Cumulative)
Epoch0                          1,181.043594                        1,181.043594
Epoch1                              1.429093                        1,182.472688
Epoch2                              0.026308                        1,182.498996
Epoch3                              0.000000                        1,182.498996
Epoch4                              0.000000                        1,182.498996
Epoch5                              0.105823                        1,182.604819
Epoch6                              0.000000                        1,182.604819
Epoch7                              0.000000                        1,182.604819
Epoch8                              0.000000                        1,182.604819
Epoch9                              0.000000                        1,182.604819
Epoch10                             0.000000                        1,182.604819
Epoch11                             0.000000                        1,182.604819
Epoch12                             0.000000                        1,182.604819
Epoch13                             0.000000                        1,182.604819
Epoch14                             0.000000                        1,182.604819
Epoch15                             0.000000                        1,182.604819
Epoch16                             0.000000                        1,182.604819
