Epoch#                               Rewards                   Total(Cumulative)
Epoch0                          1,163.875002                        1,163.875002
Epoch1                              0.000000                        1,163.875002
Epoch2                              0.000000                        1,163.875002
Epoch3                              0.000000                        1,163.875002
Epoch4                              0.000000                        1,163.875002
Epoch5                              0.000000                        1,163.875002
Epoch6                              0.000000                        1,163.875002
Epoch7                              0.000000                        1,163.875002
Epoch8                              0.000000                        1,163.875002
Epoch9                              0.000000                        1,163.875002
Epoch10                             0.000000                        1,163.875002
Epoch11                             0.000000                        1,163.875002
Epoch12                             0.000000                        1,163.875002
Epoch13                             0.000000                        1,163.875002
Epoch14                             0.000000                        1,163.875002
Epoch15                             0.000000                        1,163.875002
