Epoch#                               Rewards                   Total(Cumulative)
Epoch0                          1,163.532440                        1,163.532440
Epoch1                              0.000000                        1,163.532440
Epoch2                              0.000000                        1,163.532440
Epoch3                              0.039903                        1,163.572343
Epoch4                              0.000000                        1,163.572343
Epoch5                              0.000000                        1,163.572343
Epoch6                              0.000000                        1,163.572343
Epoch7                              0.000000                        1,163.572343
Epoch8                              0.000000                        1,163.572343
Epoch9                              0.000000                        1,163.572343
Epoch10                             0.000000                        1,163.572343
Epoch11                             0.000000                        1,163.572343
Epoch12                             0.000000                        1,163.572343
Epoch13                             0.000000                        1,163.572343
Epoch14                             0.000000                        1,163.572343
Epoch15                             0.000000                        1,163.572343
