Epoch#                               Rewards                   Total(Cumulative)
Epoch0                          1,200.290397                        1,200.290397
Epoch1                              0.000000                        1,200.290397
Epoch2                              0.000000                        1,200.290397
Epoch3                              0.000000                        1,200.290397
Epoch4                              0.000000                        1,200.290397
Epoch5                              0.000000                        1,200.290397
Epoch6                              0.000000                        1,200.290397
Epoch7                              0.000000                        1,200.290397
Epoch8                              0.000000                        1,200.290397
Epoch9                              0.000000                        1,200.290397
Epoch10                             0.000000                        1,200.290397
Epoch11                             0.000000                        1,200.290397
Epoch12                             0.000000                        1,200.290397
Epoch13                             0.000000                        1,200.290397
Epoch14                             0.000000                        1,200.290397
Epoch15                             0.000000                        1,200.290397
Epoch16                             0.000000                        1,200.290397
