Epoch#                               Rewards                   Total(Cumulative)
Epoch0                          1,164.594688                        1,164.594688
Epoch1                              0.000000                        1,164.594688
Epoch2                              0.000000                        1,164.594688
Epoch3                              0.000000                        1,164.594688
Epoch4                              0.000000                        1,164.594688
Epoch5                              0.000000                        1,164.594688
Epoch6                              0.000000                        1,164.594688
Epoch7                              0.000000                        1,164.594688
Epoch8                              0.000000                        1,164.594688
Epoch9                              0.000000                        1,164.594688
Epoch10                             0.000000                        1,164.594688
Epoch11                             0.000000                        1,164.594688
Epoch12                             0.000000                        1,164.594688
Epoch13                             0.000000                        1,164.594688
Epoch14                             0.000000                        1,164.594688
Epoch15                             0.000000                        1,164.594688
Epoch16                             0.000000                        1,164.594688
Epoch17                             0.000000                        1,164.594688
Epoch18                             0.000000                        1,164.594688
Epoch19                             0.000000                        1,164.594688
Epoch20                             0.000000                        1,164.594688
Epoch21                             0.000000                        1,164.594688
Epoch22                             0.000000                        1,164.594688
Epoch23                             0.000000                        1,164.594688
Epoch24                             0.000000                        1,164.594688
Epoch25                             0.000000                        1,164.594688
Epoch26                             0.000000                        1,164.594688
Epoch27                             0.000000                        1,164.594688
Epoch28                             0.000000                        1,164.594688
Epoch29                             0.000000                        1,164.594688
Epoch30                             0.000000                        1,164.594688
