Epoch#                               Rewards                   Total(Cumulative)
Epoch0                          1,165.594567                        1,165.594567
Epoch1                              0.015580                        1,165.610147
Epoch2                              0.000000                        1,165.610147
Epoch3                              0.109494                        1,165.719641
Epoch4                              0.000000                        1,165.719641
Epoch5                              0.000000                        1,165.719641
Epoch6                              0.000000                        1,165.719641
Epoch7                              0.000000                        1,165.719641
Epoch8                              0.000000                        1,165.719641
Epoch9                              0.000000                        1,165.719641
Epoch10                             0.000000                        1,165.719641
Epoch11                             0.000000                        1,165.719641
Epoch12                             0.000000                        1,165.719641
Epoch13                             0.000000                        1,165.719641
Epoch14                             0.000000                        1,165.719641
Epoch15                             0.000000                        1,165.719641
Epoch16                             0.000000                        1,165.719641
Epoch17                             0.000000                        1,165.719641
Epoch18                             0.000000                        1,165.719641
Epoch19                             0.000000                        1,165.719641
Epoch20                             0.000000                        1,165.719641
Epoch21                             0.000000                        1,165.719641
Epoch22                             0.000000                        1,165.719641
Epoch23                             0.000000                        1,165.719641
Epoch24                             0.000000                        1,165.719641
Epoch25                             0.000000                        1,165.719641
Epoch26                             0.000000                        1,165.719641
Epoch27                             0.000000                        1,165.719641
