Epoch#                               Rewards                   Total(Cumulative)
Epoch0                          1,176.190715                        1,176.190715
Epoch1                              0.000000                        1,176.190715
Epoch2                              0.000000                        1,176.190715
Epoch3                              0.000000                        1,176.190715
Epoch4                              0.000000                        1,176.190715
Epoch5                              0.000000                        1,176.190715
Epoch6                              0.000000                        1,176.190715
Epoch7                              0.000000                        1,176.190715
Epoch8                              0.000000                        1,176.190715
Epoch9                              0.000000                        1,176.190715
Epoch10                             0.000000                        1,176.190715
Epoch11                             0.000000                        1,176.190715
Epoch12                             0.000000                        1,176.190715
Epoch13                             0.000000                        1,176.190715
Epoch14                             0.000000                        1,176.190715
