Epoch#                               Rewards                   Total(Cumulative)
Epoch0                          1,163.592433                        1,163.592433
Epoch1                              0.000000                        1,163.592433
Epoch2                              0.000000                        1,163.592433
Epoch3                              0.000000                        1,163.592433
Epoch4                              0.000000                        1,163.592433
Epoch5                              0.000000                        1,163.592433
Epoch6                              0.000000                        1,163.592433
Epoch7                              0.000000                        1,163.592433
Epoch8                              0.000000                        1,163.592433
Epoch9                              0.000000                        1,163.592433
Epoch10                             0.000000                        1,163.592433
Epoch11                             0.000000                        1,163.592433
Epoch12                             0.000000                        1,163.592433
Epoch13                             0.000000                        1,163.592433
Epoch14                             0.000000                        1,163.592433
