Epoch#                               Rewards                   Total(Cumulative)
Epoch0                          1,164.991609                        1,164.991609
Epoch1                              0.000000                        1,164.991609
Epoch2                              0.011853                        1,165.003462
Epoch3                              0.000000                        1,165.003462
Epoch4                              0.151284                        1,165.154746
Epoch5                              0.189870                        1,165.344615
Epoch6                              0.000000                        1,165.344615
Epoch7                              0.000000                        1,165.344615
Epoch8                              0.017366                        1,165.361981
Epoch9                              0.000000                        1,165.361981
Epoch10                             0.000000                        1,165.361981
Epoch11                             0.000000                        1,165.361981
Epoch12                             0.000000                        1,165.361981
Epoch13                             0.000000                        1,165.361981
Epoch14                             0.000000                        1,165.361981
Epoch15                             0.000000                        1,165.361981
Epoch16                             0.000000                        1,165.361981
Epoch17                             0.000000                        1,165.361981
Epoch18                             0.000000                        1,165.361981
Epoch19                             0.000000                        1,165.361981
Epoch20                             0.000000                        1,165.361981
Epoch21                             0.000000                        1,165.361981
Epoch22                             0.000000                        1,165.361981
Epoch23                             0.000000                        1,165.361981
Epoch24                             0.000000                        1,165.361981
Epoch25                             0.000000                        1,165.361981
Epoch26                             0.000000                        1,165.361981
Epoch27                             0.000000                        1,165.361981
Epoch28                             0.000000                        1,165.361981
Epoch29                             0.000000                        1,165.361981
Epoch30                             0.000000                        1,165.361981
