Epoch#                               Rewards                   Total(Cumulative)
Epoch0                              0.000000                            0.000000
Epoch1                            720.474858                          720.474858
Epoch2                            507.497642                        1,227.972500
Epoch3                            394.941908                        1,622.914407
Epoch4                            321.879946                        1,944.794353
Epoch5                            504.753062                        2,449.547415
Epoch6                            900.859118                        3,350.406533
Epoch7                            685.286323                        4,035.692855
Epoch8                            696.964775                        4,732.657630
Epoch9                            370.805286                        5,103.462916
Epoch10                           132.427773                        5,235.890689
Epoch11                           362.378298                        5,598.268988
Epoch12                           298.343913                        5,896.612900
Epoch13                           298.022943                        6,194.635844
Epoch14                            43.148417                        6,237.784261
Epoch15                             5.768167                        6,243.552428
Epoch16                            50.659992                        6,294.212420
Epoch17                            12.433949                        6,306.646369
Epoch18                             0.000000                        6,306.646369
Epoch19                             0.000000                        6,306.646369
Epoch20                            19.613988                        6,326.260357
Epoch21                             3.895034                        6,330.155391
Epoch22                            80.987719                        6,411.143110
Epoch23                             0.000000                        6,411.143110
Epoch24                             0.000000                        6,411.143110
Epoch25                             0.000000                        6,411.143110
Epoch26                             0.000000                        6,411.143110
Epoch27                             0.000000                        6,411.143110
Epoch28                             0.000000                        6,411.143110
Epoch29                             0.000000                        6,411.143110
