Epoch#                               Rewards                   Total(Cumulative)
Epoch0                          1,166.109652                        1,166.109652
Epoch1                              0.143429                        1,166.253081
Epoch2                              0.000000                        1,166.253081
Epoch3                              0.000000                        1,166.253081
Epoch4                              0.000000                        1,166.253081
Epoch5                              0.000000                        1,166.253081
Epoch6                              0.000000                        1,166.253081
Epoch7                              0.000000                        1,166.253081
Epoch8                              0.000000                        1,166.253081
Epoch9                              0.000000                        1,166.253081
Epoch10                             0.000000                        1,166.253081
Epoch11                             0.000000                        1,166.253081
Epoch12                             0.000000                        1,166.253081
Epoch13                             0.000000                        1,166.253081
Epoch14                             0.000000                        1,166.253081
Epoch15                             0.000000                        1,166.253081
Epoch16                             0.000000                        1,166.253081
