Epoch#                               Rewards                   Total(Cumulative)
Epoch0                          4,349.858229                        4,349.858229
Epoch1                              0.202473                        4,350.060702
Epoch2                              0.000000                        4,350.060702
Epoch3                              0.000000                        4,350.060702
Epoch4                              0.000000                        4,350.060702
Epoch5                              0.000000                        4,350.060702
Epoch6                              0.000000                        4,350.060702
Epoch7                              0.000000                        4,350.060702
Epoch8                              0.000000                        4,350.060702
Epoch9                              0.000000                        4,350.060702
Epoch10                             0.000000                        4,350.060702
Epoch11                             0.000000                        4,350.060702
Epoch12                             0.000000                        4,350.060702
Epoch13                             0.000000                        4,350.060702
Epoch14                             0.000000                        4,350.060702
Epoch15                             0.000000                        4,350.060702
Epoch16                             0.000000                        4,350.060702
