Epoch#                               Rewards                   Total(Cumulative)
Epoch0                          1,166.261274                        1,166.261274
Epoch1                              0.000000                        1,166.261274
Epoch2                              0.000000                        1,166.261274
Epoch3                              0.000000                        1,166.261274
Epoch4                              0.000000                        1,166.261274
Epoch5                              0.000000                        1,166.261274
Epoch6                              0.000000                        1,166.261274
Epoch7                              0.000000                        1,166.261274
Epoch8                              0.000000                        1,166.261274
Epoch9                              0.000000                        1,166.261274
Epoch10                             0.000000                        1,166.261274
Epoch11                             0.000000                        1,166.261274
Epoch12                             0.000000                        1,166.261274
Epoch13                             0.000000                        1,166.261274
Epoch14                             0.000000                        1,166.261274
