Epoch#                               Rewards                   Total(Cumulative)
Epoch0                          4,350.298761                        4,350.298761
Epoch1                              0.000000                        4,350.298761
Epoch2                              0.000000                        4,350.298761
Epoch3                              0.000000                        4,350.298761
Epoch4                              0.000000                        4,350.298761
Epoch5                              0.000000                        4,350.298761
Epoch6                              0.110932                        4,350.409693
Epoch7                              0.226183                        4,350.635876
Epoch8                              0.000000                        4,350.635876
Epoch9                              0.000000                        4,350.635876
Epoch10                             0.192085                        4,350.827961
Epoch11                             0.000000                        4,350.827961
Epoch12                             0.000000                        4,350.827961
Epoch13                             0.000000                        4,350.827961
Epoch14                             0.000000                        4,350.827961
Epoch15                             0.000000                        4,350.827961
Epoch16                             0.000000                        4,350.827961
Epoch17                             0.000000                        4,350.827961
Epoch18                             0.000000                        4,350.827961
Epoch19                             0.000000                        4,350.827961
Epoch20                             0.000000                        4,350.827961
Epoch21                             0.000000                        4,350.827961
Epoch22                             0.000000                        4,350.827961
Epoch23                             0.000000                        4,350.827961
Epoch24                             0.000000                        4,350.827961
Epoch25                             0.000000                        4,350.827961
Epoch26                             0.000000                        4,350.827961
Epoch27                             0.000000                        4,350.827961
Epoch28                             0.000000                        4,350.827961
Epoch29                             0.000000                        4,350.827961
Epoch30                             0.000000                        4,350.827961
Epoch31                             0.000000                        4,350.827961
