Epoch#                               Rewards                   Total(Cumulative)
Epoch0                          9,529.860000                        9,529.860000
Epoch1                            140.494537                        9,670.354537
Epoch2                             82.513026                        9,752.867563
Epoch3                              7.580520                        9,760.448083
Epoch4                              0.000000                        9,760.448083
Epoch5                              0.000000                        9,760.448083
Epoch6                              0.000000                        9,760.448083
Epoch7                              0.000000                        9,760.448083
Epoch8                              0.000000                        9,760.448083
Epoch9                              0.000000                        9,760.448083
Epoch10                             0.000000                        9,760.448083
Epoch11                             0.000000                        9,760.448083
Epoch12                             0.000000                        9,760.448083
Epoch13                             0.000000                        9,760.448083
Epoch14                             0.000000                        9,760.448083
Epoch15                             0.000000                        9,760.448083
Epoch16                             0.000000                        9,760.448083
Epoch17                             0.000000                        9,760.448083
Epoch18                             0.000000                        9,760.448083
Epoch19                             0.000000                        9,760.448083
Epoch20                             0.000000                        9,760.448083
Epoch21                             0.000000                        9,760.448083
Epoch22                             0.000000                        9,760.448083
Epoch23                             0.000000                        9,760.448083
Epoch24                             0.000000                        9,760.448083
Epoch25                             0.000000                        9,760.448083
Epoch26                             0.000000                        9,760.448083
Epoch27                             0.000000                        9,760.448083
Epoch28                             0.000000                        9,760.448083
Epoch29                             0.000000                        9,760.448083
