Epoch#                               Rewards                   Total(Cumulative)
Epoch0                              0.000000                            0.000000
Epoch1                              0.000000                            0.000000
Epoch2                              0.000000                            0.000000
Epoch3                              0.000000                            0.000000
Epoch4                              0.000000                            0.000000
Epoch5                              0.000000                            0.000000
Epoch6                              0.000000                            0.000000
Epoch7                              0.000000                            0.000000
Epoch8                              0.000000                            0.000000
Epoch9                              0.000000                            0.000000
Epoch10                             0.000000                            0.000000
Epoch11                             0.000000                            0.000000
Epoch12                             0.000000                            0.000000
Epoch13                             0.000000                            0.000000
Epoch14                         1,042.086983                        1,042.086983
Epoch15                         1,157.037224                        2,199.124207
Epoch16                           783.268411                        2,982.392617
Epoch17                         1,253.744198                        4,236.136816
Epoch18                           998.140108                        5,234.276924
Epoch19                           883.840994                        6,118.117918
Epoch20                           880.637674                        6,998.755592
Epoch21                           560.106703                        7,558.862295
Epoch22                           810.723035                        8,369.585330
Epoch23                         1,029.859489                        9,399.444820
Epoch24                           834.651352                       10,234.096172
Epoch25                           900.183386                       11,134.279558
Epoch26                           667.863923                       11,802.143481
Epoch27                           995.969836                       12,798.113318
Epoch28                           471.142380                       13,269.255698
Epoch29                           380.039311                       13,649.295009
Epoch30                           500.407908                       14,149.702917
Epoch31                           253.824593                       14,403.527510
