Epoch#                               Rewards                   Total(Cumulative)
Epoch0                          1,163.944782                        1,163.944782
Epoch1                              0.044910                        1,163.989692
Epoch2                              0.120508                        1,164.110200
Epoch3                              0.352160                        1,164.462360
Epoch4                              0.000000                        1,164.462360
Epoch5                              0.000000                        1,164.462360
Epoch6                              0.000000                        1,164.462360
Epoch7                              0.000000                        1,164.462360
Epoch8                              0.000000                        1,164.462360
Epoch9                              0.000000                        1,164.462360
Epoch10                             0.000000                        1,164.462360
Epoch11                             0.000000                        1,164.462360
Epoch12                             0.000000                        1,164.462360
Epoch13                             0.000000                        1,164.462360
Epoch14                             0.000000                        1,164.462360
Epoch15                             0.000000                        1,164.462360
Epoch16                             0.000000                        1,164.462360
Epoch17                             0.000000                        1,164.462360
Epoch18                             0.000000                        1,164.462360
Epoch19                             0.000000                        1,164.462360
Epoch20                             0.000000                        1,164.462360
Epoch21                             0.000000                        1,164.462360
Epoch22                             0.000000                        1,164.462360
Epoch23                             0.000000                        1,164.462360
Epoch24                             0.000000                        1,164.462360
Epoch25                             0.000000                        1,164.462360
Epoch26                             0.000000                        1,164.462360
Epoch27                             0.000000                        1,164.462360
Epoch28                             0.000000                        1,164.462360
Epoch29                             0.000000                        1,164.462360
Epoch30                             0.000000                        1,164.462360
Epoch31                             0.000000                        1,164.462360
