Epoch#                               Rewards                   Total(Cumulative)
Epoch0                          1,163.662587                        1,163.662587
Epoch1                              0.000000                        1,163.662587
Epoch2                              0.000000                        1,163.662587
Epoch3                              0.000000                        1,163.662587
Epoch4                              0.000000                        1,163.662587
Epoch5                              0.000000                        1,163.662587
Epoch6                              0.000000                        1,163.662587
Epoch7                              0.000000                        1,163.662587
Epoch8                              0.000000                        1,163.662587
Epoch9                              0.000000                        1,163.662587
Epoch10                             0.000000                        1,163.662587
Epoch11                             0.000000                        1,163.662587
Epoch12                             0.000000                        1,163.662587
Epoch13                             0.000000                        1,163.662587
Epoch14                             0.000000                        1,163.662587
Epoch15                             0.000000                        1,163.662587
Epoch16                             0.000000                        1,163.662587
Epoch17                             0.000000                        1,163.662587
Epoch18                             0.000000                        1,163.662587
Epoch19                             0.000000                        1,163.662587
Epoch20                             0.000000                        1,163.662587
Epoch21                             0.000000                        1,163.662587
Epoch22                             0.000000                        1,163.662587
Epoch23                             0.000000                        1,163.662587
Epoch24                             0.000000                        1,163.662587
Epoch25                             0.000000                        1,163.662587
Epoch26                             0.000000                        1,163.662587
Epoch27                             0.000000                        1,163.662587
Epoch28                             0.000000                        1,163.662587
