Epoch#                               Rewards                   Total(Cumulative)
Epoch0                          1,164.219919                        1,164.219919
Epoch1                              0.000000                        1,164.219919
Epoch2                              0.000000                        1,164.219919
Epoch3                              0.000000                        1,164.219919
Epoch4                              0.000000                        1,164.219919
Epoch5                              0.000000                        1,164.219919
Epoch6                              0.000000                        1,164.219919
Epoch7                              0.000000                        1,164.219919
Epoch8                              0.000000                        1,164.219919
Epoch9                              0.000000                        1,164.219919
Epoch10                             0.000000                        1,164.219919
Epoch11                             0.000000                        1,164.219919
Epoch12                             0.000000                        1,164.219919
Epoch13                             0.000000                        1,164.219919
Epoch14                             0.000000                        1,164.219919
Epoch15                             0.000000                        1,164.219919
Epoch16                             0.000000                        1,164.219919
Epoch17                             0.000000                        1,164.219919
Epoch18                             0.000000                        1,164.219919
Epoch19                             0.000000                        1,164.219919
Epoch20                             0.000000                        1,164.219919
Epoch21                             0.000000                        1,164.219919
Epoch22                             0.000000                        1,164.219919
Epoch23                             0.000000                        1,164.219919
Epoch24                             0.000000                        1,164.219919
Epoch25                             0.000000                        1,164.219919
Epoch26                             0.000000                        1,164.219919
Epoch27                             0.000000                        1,164.219919
