Epoch#                               Rewards                   Total(Cumulative)
Epoch0                          1,163.510000                        1,163.510000
Epoch1                              0.000000                        1,163.510000
Epoch2                              0.000000                        1,163.510000
Epoch3                              0.000000                        1,163.510000
Epoch4                              0.000000                        1,163.510000
Epoch5                              0.000000                        1,163.510000
Epoch6                              0.010073                        1,163.520073
Epoch7                              0.000000                        1,163.520073
Epoch8                              0.000000                        1,163.520073
Epoch9                              0.000000                        1,163.520073
Epoch10                             0.000000                        1,163.520073
Epoch11                             0.000000                        1,163.520073
Epoch12                             0.000000                        1,163.520073
Epoch13                             0.000000                        1,163.520073
Epoch14                             0.000000                        1,163.520073
