Epoch#                               Rewards                   Total(Cumulative)
Epoch0                          4,351.834052                        4,351.834052
Epoch1                              0.000000                        4,351.834052
Epoch2                              0.000000                        4,351.834052
Epoch3                              0.000000                        4,351.834052
Epoch4                              0.000000                        4,351.834052
Epoch5                              0.000000                        4,351.834052
Epoch6                              0.000000                        4,351.834052
Epoch7                              0.000000                        4,351.834052
Epoch8                              0.000000                        4,351.834052
Epoch9                              0.000000                        4,351.834052
Epoch10                             0.000000                        4,351.834052
Epoch11                             0.000000                        4,351.834052
Epoch12                             0.000000                        4,351.834052
Epoch13                             0.000000                        4,351.834052
Epoch14                             0.000000                        4,351.834052
Epoch15                             0.000000                        4,351.834052
