Epoch#                               Rewards                   Total(Cumulative)
Epoch0                              0.000000                            0.000000
Epoch1                          1,751.136319                        1,751.136319
Epoch2                            308.726075                        2,059.862394
Epoch3                            173.829535                        2,233.691929
Epoch4                              0.000000                        2,233.691929
Epoch5                              0.000000                        2,233.691929
Epoch6                              0.000000                        2,233.691929
Epoch7                              0.000000                        2,233.691929
Epoch8                              0.000000                        2,233.691929
Epoch9                              0.000000                        2,233.691929
Epoch10                             0.000000                        2,233.691929
Epoch11                             0.000000                        2,233.691929
Epoch12                             0.000000                        2,233.691929
Epoch13                             0.000000                        2,233.691929
Epoch14                             0.000000                        2,233.691929
Epoch15                             0.000000                        2,233.691929
Epoch16                             0.000000                        2,233.691929
Epoch17                             0.000000                        2,233.691929
Epoch18                             0.000000                        2,233.691929
Epoch19                             0.000000                        2,233.691929
Epoch20                             0.000000                        2,233.691929
Epoch21                             0.000000                        2,233.691929
Epoch22                             0.000000                        2,233.691929
Epoch23                             0.000000                        2,233.691929
Epoch24                             0.000000                        2,233.691929
Epoch25                             0.000000                        2,233.691929
Epoch26                             0.000000                        2,233.691929
Epoch27                             0.000000                        2,233.691929
Epoch28                             0.000000                        2,233.691929
Epoch29                             0.000000                        2,233.691929
Epoch30                             0.000000                        2,233.691929
