Epoch#                               Rewards                   Total(Cumulative)
Epoch0                          1,166.755055                        1,166.755055
Epoch1                              0.000000                        1,166.755055
Epoch2                              0.000000                        1,166.755055
Epoch3                              0.000000                        1,166.755055
Epoch4                              0.000000                        1,166.755055
Epoch5                              0.000000                        1,166.755055
Epoch6                              0.000000                        1,166.755055
Epoch7                              0.000000                        1,166.755055
Epoch8                              0.000000                        1,166.755055
Epoch9                              0.000000                        1,166.755055
Epoch10                             0.000000                        1,166.755055
Epoch11                             0.000000                        1,166.755055
Epoch12                             0.000000                        1,166.755055
Epoch13                             0.000000                        1,166.755055
Epoch14                             0.000000                        1,166.755055
Epoch15                             0.000000                        1,166.755055
Epoch16                             0.000000                        1,166.755055
Epoch17                             0.000000                        1,166.755055
