Epoch#                               Rewards                   Total(Cumulative)
Epoch0                          1,163.798532                        1,163.798532
Epoch1                              0.000000                        1,163.798532
Epoch2                              0.000000                        1,163.798532
Epoch3                              0.000000                        1,163.798532
Epoch4                              0.000000                        1,163.798532
Epoch5                              0.000000                        1,163.798532
Epoch6                              0.000000                        1,163.798532
Epoch7                              0.000000                        1,163.798532
Epoch8                              0.000000                        1,163.798532
Epoch9                              0.000000                        1,163.798532
Epoch10                             0.000000                        1,163.798532
Epoch11                             0.000000                        1,163.798532
Epoch12                             0.000000                        1,163.798532
Epoch13                             0.000000                        1,163.798532
Epoch14                             0.000000                        1,163.798532
Epoch15                             0.000000                        1,163.798532
Epoch16                             0.000000                        1,163.798532
Epoch17                             0.000000                        1,163.798532
Epoch18                             0.000000                        1,163.798532
Epoch19                             0.000000                        1,163.798532
Epoch20                             0.000000                        1,163.798532
Epoch21                             0.000000                        1,163.798532
Epoch22                             0.000000                        1,163.798532
Epoch23                             0.000000                        1,163.798532
Epoch24                             0.000000                        1,163.798532
Epoch25                             0.000000                        1,163.798532
Epoch26                             0.000000                        1,163.798532
Epoch27                             0.000000                        1,163.798532
