Epoch#                               Rewards                   Total(Cumulative)
Epoch0                          1,163.575180                        1,163.575180
Epoch1                              0.000000                        1,163.575180
Epoch2                              0.000000                        1,163.575180
Epoch3                              0.000000                        1,163.575180
Epoch4                              0.000000                        1,163.575180
Epoch5                              0.000000                        1,163.575180
Epoch6                              0.000000                        1,163.575180
Epoch7                              0.000000                        1,163.575180
Epoch8                              0.000000                        1,163.575180
Epoch9                              0.000000                        1,163.575180
Epoch10                             0.000000                        1,163.575180
Epoch11                             0.000000                        1,163.575180
Epoch12                             0.000000                        1,163.575180
Epoch13                             0.000000                        1,163.575180
Epoch14                             0.000000                        1,163.575180
Epoch15                             0.000000                        1,163.575180
