Epoch#                               Rewards                   Total(Cumulative)
Epoch0                          1,164.264419                        1,164.264419
Epoch1                              0.000000                        1,164.264419
Epoch2                              0.000000                        1,164.264419
Epoch3                              0.000000                        1,164.264419
Epoch4                              0.000000                        1,164.264419
Epoch5                              0.000000                        1,164.264419
Epoch6                              0.000000                        1,164.264419
Epoch7                              0.000000                        1,164.264419
Epoch8                              0.000000                        1,164.264419
Epoch9                              0.000000                        1,164.264419
Epoch10                             0.000000                        1,164.264419
Epoch11                             0.000000                        1,164.264419
Epoch12                             0.000000                        1,164.264419
Epoch13                             0.000000                        1,164.264419
Epoch14                             0.000000                        1,164.264419
