Epoch#                               Rewards                   Total(Cumulative)
Epoch0                          9,627.912911                        9,627.912911
Epoch1                             21.780496                        9,649.693406
Epoch2                              0.000000                        9,649.693406
Epoch3                             13.529039                        9,663.222445
Epoch4                            106.421857                        9,769.644303
Epoch5                             26.950242                        9,796.594545
Epoch6                              9.671280                        9,806.265824
Epoch7                              0.000000                        9,806.265824
Epoch8                              0.000000                        9,806.265824
Epoch9                              0.000000                        9,806.265824
Epoch10                            79.659001                        9,885.924825
Epoch11                             0.000000                        9,885.924825
Epoch12                             0.000000                        9,885.924825
Epoch13                             0.000000                        9,885.924825
Epoch14                             0.000000                        9,885.924825
Epoch15                             0.000000                        9,885.924825
Epoch16                             0.000000                        9,885.924825
Epoch17                             0.000000                        9,885.924825
Epoch18                             0.000000                        9,885.924825
Epoch19                             0.000000                        9,885.924825
Epoch20                             0.000000                        9,885.924825
Epoch21                             0.000000                        9,885.924825
Epoch22                             0.000000                        9,885.924825
Epoch23                             0.000000                        9,885.924825
Epoch24                             0.000000                        9,885.924825
Epoch25                             0.000000                        9,885.924825
Epoch26                             0.000000                        9,885.924825
Epoch27                             0.000000                        9,885.924825
Epoch28                             0.000000                        9,885.924825
Epoch29                             0.000000                        9,885.924825
Epoch30                             0.000000                        9,885.924825
Epoch31                             0.000000                        9,885.924825
