Epoch#                               Rewards                   Total(Cumulative)
Epoch0                          4,349.630000                        4,349.630000
Epoch1                              0.000000                        4,349.630000
Epoch2                              3.583583                        4,353.213583
Epoch3                              0.000000                        4,353.213583
Epoch4                              0.000000                        4,353.213583
Epoch5                              0.000000                        4,353.213583
Epoch6                              0.000000                        4,353.213583
Epoch7                              0.000000                        4,353.213583
Epoch8                              0.000000                        4,353.213583
Epoch9                              0.000000                        4,353.213583
Epoch10                             0.000000                        4,353.213583
Epoch11                             0.000000                        4,353.213583
Epoch12                             0.000000                        4,353.213583
Epoch13                             0.000000                        4,353.213583
Epoch14                             0.000000                        4,353.213583
Epoch15                             0.000000                        4,353.213583
Epoch16                             0.000000                        4,353.213583
