Epoch#                               Rewards                   Total(Cumulative)
Epoch0                          1,170.121327                        1,170.121327
Epoch1                              3.109435                        1,173.230763
Epoch2                              5.780830                        1,179.011592
Epoch3                              7.910413                        1,186.922005
Epoch4                              6.096759                        1,193.018764
Epoch5                              0.000000                        1,193.018764
Epoch6                              0.000000                        1,193.018764
Epoch7                              0.000000                        1,193.018764
Epoch8                              0.278737                        1,193.297501
Epoch9                              0.000000                        1,193.297501
Epoch10                             0.000000                        1,193.297501
Epoch11                             0.000000                        1,193.297501
Epoch12                             0.000000                        1,193.297501
Epoch13                             0.000000                        1,193.297501
Epoch14                             0.000000                        1,193.297501
Epoch15                             0.000000                        1,193.297501
