Epoch#                               Rewards                   Total(Cumulative)
Epoch0                          1,164.529621                        1,164.529621
Epoch1                              0.000000                        1,164.529621
Epoch2                              0.000000                        1,164.529621
Epoch3                              0.000000                        1,164.529621
Epoch4                              0.000000                        1,164.529621
Epoch5                              0.000000                        1,164.529621
Epoch6                              0.000000                        1,164.529621
Epoch7                              0.000000                        1,164.529621
Epoch8                              0.000000                        1,164.529621
Epoch9                              0.000000                        1,164.529621
Epoch10                             0.000000                        1,164.529621
Epoch11                             0.000000                        1,164.529621
Epoch12                             0.000000                        1,164.529621
Epoch13                             0.000000                        1,164.529621
Epoch14                             0.000000                        1,164.529621
Epoch15                             0.000000                        1,164.529621
