Epoch#                               Rewards                   Total(Cumulative)
Epoch0                          1,163.603688                        1,163.603688
Epoch1                              0.000000                        1,163.603688
Epoch2                              0.000000                        1,163.603688
Epoch3                              0.000000                        1,163.603688
Epoch4                              0.000000                        1,163.603688
Epoch5                              0.000000                        1,163.603688
Epoch6                              0.000000                        1,163.603688
Epoch7                              0.000000                        1,163.603688
Epoch8                              0.052848                        1,163.656536
Epoch9                              0.000000                        1,163.656536
Epoch10                             0.000000                        1,163.656536
Epoch11                             0.000000                        1,163.656536
Epoch12                             0.000000                        1,163.656536
Epoch13                             0.000000                        1,163.656536
Epoch14                             0.000000                        1,163.656536
Epoch15                             0.000000                        1,163.656536
Epoch16                             0.000000                        1,163.656536
