Epoch#                               Rewards                   Total(Cumulative)
Epoch0                          1,163.510000                        1,163.510000
Epoch1                              3.561000                        1,167.071000
Epoch2                              0.374567                        1,167.445567
Epoch3                              0.000000                        1,167.445567
Epoch4                              0.000000                        1,167.445567
Epoch5                              0.000000                        1,167.445567
Epoch6                              0.000000                        1,167.445567
Epoch7                              0.000000                        1,167.445567
Epoch8                              0.000000                        1,167.445567
Epoch9                              0.000000                        1,167.445567
Epoch10                             0.000000                        1,167.445567
Epoch11                             0.000000                        1,167.445567
Epoch12                             0.000000                        1,167.445567
Epoch13                             0.000000                        1,167.445567
Epoch14                             0.000000                        1,167.445567
Epoch15                             0.000000                        1,167.445567
