Epoch#                               Rewards                   Total(Cumulative)
Epoch0                          1,165.505312                        1,165.505312
Epoch1                              0.273238                        1,165.778550
Epoch2                              0.014518                        1,165.793067
Epoch3                              0.000000                        1,165.793067
Epoch4                              0.000000                        1,165.793067
Epoch5                              0.000000                        1,165.793067
Epoch6                              0.000000                        1,165.793067
Epoch7                              0.000000                        1,165.793067
Epoch8                              0.000000                        1,165.793067
Epoch9                              0.000000                        1,165.793067
Epoch10                             0.000000                        1,165.793067
Epoch11                             0.000000                        1,165.793067
Epoch12                             0.000000                        1,165.793067
Epoch13                             0.000000                        1,165.793067
Epoch14                             0.000000                        1,165.793067
Epoch15                             0.000000                        1,165.793067
Epoch16                             0.000000                        1,165.793067
Epoch17                             0.000000                        1,165.793067
Epoch18                             0.000000                        1,165.793067
Epoch19                             0.000000                        1,165.793067
Epoch20                             0.000000                        1,165.793067
Epoch21                             0.000000                        1,165.793067
Epoch22                             0.000000                        1,165.793067
Epoch23                             0.000000                        1,165.793067
Epoch24                             0.000000                        1,165.793067
Epoch25                             0.000000                        1,165.793067
Epoch26                             0.000000                        1,165.793067
Epoch27                             0.000000                        1,165.793067
Epoch28                             0.000000                        1,165.793067
Epoch29                             0.000000                        1,165.793067
Epoch30                             0.000000                        1,165.793067
Epoch31                             0.000000                        1,165.793067
