Epoch#                               Rewards                   Total(Cumulative)
Epoch0                          1,164.314244                        1,164.314244
Epoch1                              1.891591                        1,166.205834
Epoch2                              0.063198                        1,166.269032
Epoch3                              0.000000                        1,166.269032
Epoch4                              0.000000                        1,166.269032
Epoch5                              0.000000                        1,166.269032
Epoch6                              0.000000                        1,166.269032
Epoch7                              0.000000                        1,166.269032
Epoch8                              0.000000                        1,166.269032
Epoch9                              0.000000                        1,166.269032
Epoch10                             0.000000                        1,166.269032
Epoch11                             0.000000                        1,166.269032
Epoch12                             0.033151                        1,166.302183
Epoch13                             0.000000                        1,166.302183
Epoch14                             0.000000                        1,166.302183
