Epoch#                               Rewards                   Total(Cumulative)
Epoch0                          1,169.701221                        1,169.701221
Epoch1                              0.225194                        1,169.926415
Epoch2                              0.013358                        1,169.939773
Epoch3                              0.000000                        1,169.939773
Epoch4                              0.000000                        1,169.939773
Epoch5                              0.000000                        1,169.939773
Epoch6                              0.000000                        1,169.939773
Epoch7                              0.000000                        1,169.939773
Epoch8                              0.000000                        1,169.939773
Epoch9                              0.000000                        1,169.939773
Epoch10                             0.014179                        1,169.953952
Epoch11                             0.000000                        1,169.953952
Epoch12                             0.000000                        1,169.953952
Epoch13                             0.000000                        1,169.953952
Epoch14                             0.000000                        1,169.953952
Epoch15                             0.000000                        1,169.953952
Epoch16                             0.000000                        1,169.953952
Epoch17                             0.000000                        1,169.953952
Epoch18                             0.000000                        1,169.953952
Epoch19                             0.000000                        1,169.953952
Epoch20                             0.000000                        1,169.953952
Epoch21                             0.000000                        1,169.953952
Epoch22                             0.000000                        1,169.953952
Epoch23                             0.000000                        1,169.953952
Epoch24                             0.000000                        1,169.953952
Epoch25                             0.000000                        1,169.953952
Epoch26                             0.000000                        1,169.953952
Epoch27                             0.000000                        1,169.953952
Epoch28                             0.000000                        1,169.953952
Epoch29                             0.000000                        1,169.953952
Epoch30                             0.000000                        1,169.953952
