Epoch#                               Rewards                   Total(Cumulative)
Epoch0                          4,349.630000                        4,349.630000
Epoch1                             58.530145                        4,408.160145
Epoch2                            120.056526                        4,528.216671
Epoch3                             44.897635                        4,573.114306
Epoch4                              6.397971                        4,579.512277
Epoch5                              0.000000                        4,579.512277
Epoch6                              2.984622                        4,582.496899
Epoch7                              4.670375                        4,587.167274
Epoch8                              0.346758                        4,587.514032
Epoch9                              0.358405                        4,587.872437
Epoch10                             0.657754                        4,588.530192
Epoch11                             0.274482                        4,588.804673
Epoch12                             0.000000                        4,588.804673
Epoch13                             0.000000                        4,588.804673
Epoch14                             0.000000                        4,588.804673
Epoch15                             0.000000                        4,588.804673
Epoch16                             0.000000                        4,588.804673
Epoch17                             0.000000                        4,588.804673
Epoch18                             0.000000                        4,588.804673
Epoch19                             0.000000                        4,588.804673
Epoch20                             0.000000                        4,588.804673
Epoch21                             0.000000                        4,588.804673
Epoch22                             0.000000                        4,588.804673
Epoch23                             0.000000                        4,588.804673
Epoch24                             0.000000                        4,588.804673
Epoch25                             0.000000                        4,588.804673
Epoch26                             0.000000                        4,588.804673
Epoch27                             0.000000                        4,588.804673
