Epoch#                               Rewards                   Total(Cumulative)
Epoch0                          1,164.241719                        1,164.241719
Epoch1                              0.428127                        1,164.669846
Epoch2                              0.000000                        1,164.669846
Epoch3                              0.000000                        1,164.669846
Epoch4                              0.000000                        1,164.669846
Epoch5                              0.000000                        1,164.669846
Epoch6                              0.000000                        1,164.669846
Epoch7                              0.000000                        1,164.669846
Epoch8                              0.000000                        1,164.669846
Epoch9                              0.000000                        1,164.669846
Epoch10                             0.000000                        1,164.669846
Epoch11                             0.000000                        1,164.669846
Epoch12                             0.000000                        1,164.669846
Epoch13                             0.000000                        1,164.669846
Epoch14                             0.000000                        1,164.669846
Epoch15                             0.000000                        1,164.669846
Epoch16                             0.000000                        1,164.669846
Epoch17                             0.000000                        1,164.669846
Epoch18                             0.000000                        1,164.669846
Epoch19                             0.000000                        1,164.669846
Epoch20                             0.000000                        1,164.669846
Epoch21                             0.000000                        1,164.669846
Epoch22                             0.000000                        1,164.669846
Epoch23                             0.000000                        1,164.669846
Epoch24                             0.000000                        1,164.669846
Epoch25                             0.000000                        1,164.669846
Epoch26                             0.000000                        1,164.669846
Epoch27                             0.000000                        1,164.669846
Epoch28                             0.000000                        1,164.669846
Epoch29                             0.000000                        1,164.669846
Epoch30                             0.000000                        1,164.669846
Epoch31                             0.000000                        1,164.669846
