Epoch#                               Rewards                   Total(Cumulative)
Epoch0                          1,163.738187                        1,163.738187
Epoch1                              0.000000                        1,163.738187
Epoch2                              0.000000                        1,163.738187
Epoch3                              0.000000                        1,163.738187
Epoch4                              0.000000                        1,163.738187
Epoch5                              0.000000                        1,163.738187
Epoch6                              0.000000                        1,163.738187
Epoch7                              0.000000                        1,163.738187
Epoch8                              0.600864                        1,164.339051
Epoch9                              0.000000                        1,164.339051
Epoch10                             0.000000                        1,164.339051
Epoch11                             0.000000                        1,164.339051
Epoch12                             0.000000                        1,164.339051
Epoch13                             0.000000                        1,164.339051
Epoch14                             0.000000                        1,164.339051
Epoch15                             0.000000                        1,164.339051
