Epoch#                               Rewards                   Total(Cumulative)
Epoch0                          4,349.630000                        4,349.630000
Epoch1                              0.000000                        4,349.630000
Epoch2                              0.000000                        4,349.630000
Epoch3                              0.000000                        4,349.630000
Epoch4                              7.694466                        4,357.324466
Epoch5                              4.736248                        4,362.060714
Epoch6                              0.000000                        4,362.060714
Epoch7                              0.000000                        4,362.060714
Epoch8                              0.000000                        4,362.060714
Epoch9                              0.000000                        4,362.060714
Epoch10                             0.000000                        4,362.060714
Epoch11                             0.000000                        4,362.060714
Epoch12                             0.000000                        4,362.060714
Epoch13                             0.000000                        4,362.060714
Epoch14                             0.000000                        4,362.060714
