Epoch#                               Rewards                   Total(Cumulative)
Epoch0                          1,163.824166                        1,163.824166
Epoch1                              0.000000                        1,163.824166
Epoch2                              0.000000                        1,163.824166
Epoch3                              0.000000                        1,163.824166
Epoch4                              0.000000                        1,163.824166
Epoch5                              0.000000                        1,163.824166
Epoch6                              0.000000                        1,163.824166
Epoch7                              0.000000                        1,163.824166
Epoch8                              0.000000                        1,163.824166
Epoch9                              0.000000                        1,163.824166
Epoch10                             0.000000                        1,163.824166
Epoch11                             0.000000                        1,163.824166
Epoch12                             0.000000                        1,163.824166
Epoch13                             0.000000                        1,163.824166
Epoch14                             0.000000                        1,163.824166
Epoch15                             0.000000                        1,163.824166
