Epoch#                               Rewards                   Total(Cumulative)
Epoch0                          1,163.900445                        1,163.900445
Epoch1                              0.000000                        1,163.900445
Epoch2                              0.000000                        1,163.900445
Epoch3                              0.000000                        1,163.900445
Epoch4                              0.000000                        1,163.900445
Epoch5                              0.000000                        1,163.900445
Epoch6                              0.000000                        1,163.900445
Epoch7                              0.000000                        1,163.900445
Epoch8                              0.000000                        1,163.900445
Epoch9                              0.000000                        1,163.900445
Epoch10                             0.000000                        1,163.900445
Epoch11                             0.000000                        1,163.900445
Epoch12                             0.000000                        1,163.900445
Epoch13                             0.000000                        1,163.900445
Epoch14                             0.000000                        1,163.900445
Epoch15                             0.000000                        1,163.900445
Epoch16                             0.000000                        1,163.900445
Epoch17                             0.000000                        1,163.900445
Epoch18                             0.000000                        1,163.900445
Epoch19                             0.000000                        1,163.900445
Epoch20                             0.000000                        1,163.900445
Epoch21                             0.000000                        1,163.900445
Epoch22                             0.000000                        1,163.900445
Epoch23                             0.000000                        1,163.900445
Epoch24                             0.000000                        1,163.900445
Epoch25                             0.000000                        1,163.900445
Epoch26                             0.000000                        1,163.900445
Epoch27                             0.000000                        1,163.900445
Epoch28                             0.000000                        1,163.900445
