Epoch#                               Rewards                   Total(Cumulative)
Epoch0                          1,165.463569                        1,165.463569
Epoch1                              0.000000                        1,165.463569
Epoch2                              0.000000                        1,165.463569
Epoch3                              0.000000                        1,165.463569
Epoch4                              0.000000                        1,165.463569
Epoch5                              0.000000                        1,165.463569
Epoch6                              0.000000                        1,165.463569
Epoch7                              0.000000                        1,165.463569
Epoch8                              0.000000                        1,165.463569
Epoch9                              0.000000                        1,165.463569
Epoch10                             0.000000                        1,165.463569
Epoch11                             0.000000                        1,165.463569
Epoch12                             0.000000                        1,165.463569
Epoch13                             0.000000                        1,165.463569
Epoch14                             0.000000                        1,165.463569
