Epoch#                               Rewards                   Total(Cumulative)
Epoch0                          1,163.510000                        1,163.510000
Epoch1                              1.012998                        1,164.522998
Epoch2                              0.414879                        1,164.937877
Epoch3                              0.545806                        1,165.483683
Epoch4                              0.470839                        1,165.954522
Epoch5                              0.000000                        1,165.954522
Epoch6                              0.000000                        1,165.954522
Epoch7                              0.000000                        1,165.954522
Epoch8                              0.000000                        1,165.954522
Epoch9                              0.000000                        1,165.954522
Epoch10                             0.000000                        1,165.954522
Epoch11                             0.000000                        1,165.954522
Epoch12                             0.000000                        1,165.954522
Epoch13                             0.000000                        1,165.954522
Epoch14                             0.000000                        1,165.954522
Epoch15                             0.000000                        1,165.954522
