Epoch#                               Rewards                   Total(Cumulative)
Epoch0                          1,164.300092                        1,164.300092
Epoch1                              0.000000                        1,164.300092
Epoch2                              0.000000                        1,164.300092
Epoch3                              0.000000                        1,164.300092
Epoch4                              0.000000                        1,164.300092
Epoch5                              0.000000                        1,164.300092
Epoch6                              0.000000                        1,164.300092
Epoch7                              0.000000                        1,164.300092
Epoch8                              0.000000                        1,164.300092
Epoch9                              0.000000                        1,164.300092
Epoch10                             0.000000                        1,164.300092
Epoch11                             0.000000                        1,164.300092
Epoch12                             0.000000                        1,164.300092
Epoch13                             0.000000                        1,164.300092
Epoch14                             0.000000                        1,164.300092
Epoch15                             0.000000                        1,164.300092
