Epoch#                               Rewards                   Total(Cumulative)
Epoch0                              0.000000                            0.000000
Epoch1                            925.010017                          925.010017
Epoch2                            103.612913                        1,028.622930
Epoch3                            389.187427                        1,417.810357
Epoch4                            393.758030                        1,811.568387
Epoch5                            173.766595                        1,985.334982
Epoch6                             76.705532                        2,062.040514
Epoch7                             24.279149                        2,086.319663
Epoch8                              2.819300                        2,089.138963
Epoch9                             25.374811                        2,114.513773
Epoch10                            21.253472                        2,135.767245
Epoch11                             0.000000                        2,135.767245
Epoch12                             0.000000                        2,135.767245
Epoch13                             0.000000                        2,135.767245
Epoch14                             0.000000                        2,135.767245
Epoch15                             0.000000                        2,135.767245
Epoch16                             0.000000                        2,135.767245
Epoch17                             0.000000                        2,135.767245
Epoch18                             0.000000                        2,135.767245
Epoch19                             0.000000                        2,135.767245
Epoch20                             0.000000                        2,135.767245
Epoch21                             0.000000                        2,135.767245
Epoch22                             0.000000                        2,135.767245
Epoch23                             0.000000                        2,135.767245
Epoch24                             0.000000                        2,135.767245
Epoch25                             0.000000                        2,135.767245
Epoch26                             0.000000                        2,135.767245
Epoch27                             0.000000                        2,135.767245
Epoch28                             0.000000                        2,135.767245
Epoch29                             0.000000                        2,135.767245
Epoch30                             0.000000                        2,135.767245
