Epoch#                               Rewards                   Total(Cumulative)
Epoch0                          1,164.772601                        1,164.772601
Epoch1                              0.331341                        1,165.103941
Epoch2                              0.000000                        1,165.103941
Epoch3                              0.000000                        1,165.103941
Epoch4                              0.000000                        1,165.103941
Epoch5                              0.000000                        1,165.103941
Epoch6                              0.000000                        1,165.103941
Epoch7                              0.000000                        1,165.103941
Epoch8                              0.000000                        1,165.103941
Epoch9                              0.000000                        1,165.103941
Epoch10                             0.000000                        1,165.103941
Epoch11                             0.000000                        1,165.103941
Epoch12                             0.000000                        1,165.103941
Epoch13                             0.000000                        1,165.103941
Epoch14                             0.000000                        1,165.103941
Epoch15                             0.000000                        1,165.103941
Epoch16                             0.000000                        1,165.103941
