Epoch#                               Rewards                   Total(Cumulative)
Epoch0                          1,164.581360                        1,164.581360
Epoch1                              0.000000                        1,164.581360
Epoch2                              0.000000                        1,164.581360
Epoch3                              0.000000                        1,164.581360
Epoch4                              0.000000                        1,164.581360
Epoch5                              0.000000                        1,164.581360
Epoch6                              0.000000                        1,164.581360
Epoch7                              0.000000                        1,164.581360
Epoch8                              0.000000                        1,164.581360
Epoch9                              0.000000                        1,164.581360
Epoch10                             0.000000                        1,164.581360
Epoch11                             0.000000                        1,164.581360
Epoch12                             0.000000                        1,164.581360
Epoch13                             0.000000                        1,164.581360
Epoch14                             0.000000                        1,164.581360
Epoch15                             0.000000                        1,164.581360
Epoch16                             0.000000                        1,164.581360
Epoch17                             0.000000                        1,164.581360
Epoch18                             0.000000                        1,164.581360
Epoch19                             0.000000                        1,164.581360
Epoch20                             0.000000                        1,164.581360
Epoch21                             0.000000                        1,164.581360
Epoch22                             0.000000                        1,164.581360
Epoch23                             0.000000                        1,164.581360
Epoch24                             0.000000                        1,164.581360
Epoch25                             0.000000                        1,164.581360
Epoch26                             0.000000                        1,164.581360
Epoch27                             0.000000                        1,164.581360
Epoch28                             0.000000                        1,164.581360
