Epoch#                               Rewards                   Total(Cumulative)
Epoch0                          4,356.351238                        4,356.351238
Epoch1                              3.915292                        4,360.266530
Epoch2                              0.000000                        4,360.266530
Epoch3                              0.000000                        4,360.266530
Epoch4                              0.000000                        4,360.266530
Epoch5                              0.000000                        4,360.266530
Epoch6                              0.000000                        4,360.266530
Epoch7                              0.000000                        4,360.266530
Epoch8                              0.000000                        4,360.266530
Epoch9                              0.000000                        4,360.266530
Epoch10                             0.000000                        4,360.266530
Epoch11                             0.000000                        4,360.266530
Epoch12                             0.000000                        4,360.266530
Epoch13                             0.000000                        4,360.266530
Epoch14                             0.000000                        4,360.266530
