Epoch#                               Rewards                   Total(Cumulative)
Epoch0                          6,426.993604                        6,426.993604
Epoch1                              0.000000                        6,426.993604
Epoch2                              0.000000                        6,426.993604
Epoch3                              0.000000                        6,426.993604
Epoch4                              0.000000                        6,426.993604
Epoch5                              0.000000                        6,426.993604
Epoch6                              0.000000                        6,426.993604
Epoch7                              0.000000                        6,426.993604
Epoch8                              0.000000                        6,426.993604
Epoch9                              0.000000                        6,426.993604
Epoch10                             0.000000                        6,426.993604
Epoch11                             0.000000                        6,426.993604
Epoch12                             0.000000                        6,426.993604
Epoch13                             0.000000                        6,426.993604
Epoch14                             0.000000                        6,426.993604
Epoch15                             0.000000                        6,426.993604
