Epoch#                               Rewards                   Total(Cumulative)
Epoch0                          9,529.860000                        9,529.860000
Epoch1                              0.000000                        9,529.860000
Epoch2                              0.000000                        9,529.860000
Epoch3                              0.000000                        9,529.860000
Epoch4                              0.000000                        9,529.860000
Epoch5                              0.000000                        9,529.860000
Epoch6                              0.000000                        9,529.860000
Epoch7                              0.000000                        9,529.860000
Epoch8                             66.966046                        9,596.826046
Epoch9                              0.000000                        9,596.826046
Epoch10                             0.000000                        9,596.826046
Epoch11                             0.000000                        9,596.826046
Epoch12                             0.000000                        9,596.826046
Epoch13                             0.000000                        9,596.826046
Epoch14                             0.000000                        9,596.826046
Epoch15                             0.000000                        9,596.826046
Epoch16                             0.000000                        9,596.826046
Epoch17                             0.000000                        9,596.826046
