Epoch#                               Rewards                   Total(Cumulative)
Epoch0                          1,163.510000                        1,163.510000
Epoch1                          1,733.822564                        2,897.332564
Epoch2                            107.734620                        3,005.067183
Epoch3                            203.058261                        3,208.125444
Epoch4                            405.688432                        3,613.813876
Epoch5                            193.027757                        3,806.841634
Epoch6                              8.896570                        3,815.738204
Epoch7                              0.000000                        3,815.738204
Epoch8                              0.000000                        3,815.738204
Epoch9                            138.816977                        3,954.555181
Epoch10                             0.000000                        3,954.555181
Epoch11                             0.000000                        3,954.555181
Epoch12                             0.000000                        3,954.555181
Epoch13                             0.000000                        3,954.555181
Epoch14                             0.000000                        3,954.555181
Epoch15                             0.000000                        3,954.555181
Epoch16                             0.000000                        3,954.555181
Epoch17                             0.000000                        3,954.555181
Epoch18                             0.000000                        3,954.555181
Epoch19                             0.000000                        3,954.555181
Epoch20                             0.000000                        3,954.555181
Epoch21                             0.000000                        3,954.555181
Epoch22                             0.000000                        3,954.555181
Epoch23                             0.000000                        3,954.555181
Epoch24                             0.000000                        3,954.555181
Epoch25                             0.000000                        3,954.555181
Epoch26                             0.000000                        3,954.555181
Epoch27                             0.000000                        3,954.555181
