Epoch#                               Rewards                   Total(Cumulative)
Epoch0                          6,413.910000                        6,413.910000
Epoch1                              0.000000                        6,413.910000
Epoch2                              0.000000                        6,413.910000
Epoch3                              0.000000                        6,413.910000
Epoch4                              0.000000                        6,413.910000
Epoch5                              2.563848                        6,416.473848
Epoch6                              0.000000                        6,416.473848
Epoch7                              0.000000                        6,416.473848
Epoch8                              0.000000                        6,416.473848
Epoch9                              0.000000                        6,416.473848
Epoch10                             0.000000                        6,416.473848
Epoch11                             0.000000                        6,416.473848
Epoch12                             0.000000                        6,416.473848
Epoch13                             0.000000                        6,416.473848
Epoch14                             0.000000                        6,416.473848
