Epoch#                               Rewards                   Total(Cumulative)
Epoch0                          1,163.749122                        1,163.749122
Epoch1                            384.499728                        1,548.248851
Epoch2                             47.523101                        1,595.771951
Epoch3                              4.009661                        1,599.781612
Epoch4                              0.000000                        1,599.781612
Epoch5                              0.000000                        1,599.781612
Epoch6                              0.000000                        1,599.781612
Epoch7                              0.000000                        1,599.781612
Epoch8                              0.000000                        1,599.781612
Epoch9                              0.000000                        1,599.781612
Epoch10                             0.000000                        1,599.781612
Epoch11                             0.000000                        1,599.781612
Epoch12                             0.000000                        1,599.781612
Epoch13                             0.000000                        1,599.781612
Epoch14                             0.000000                        1,599.781612
Epoch15                             0.000000                        1,599.781612
Epoch16                             0.000000                        1,599.781612
Epoch17                             0.000000                        1,599.781612
Epoch18                             0.000000                        1,599.781612
Epoch19                             0.000000                        1,599.781612
Epoch20                             0.000000                        1,599.781612
Epoch21                             0.000000                        1,599.781612
Epoch22                             0.000000                        1,599.781612
Epoch23                             0.000000                        1,599.781612
Epoch24                             0.000000                        1,599.781612
Epoch25                             0.000000                        1,599.781612
Epoch26                             0.000000                        1,599.781612
Epoch27                             0.000000                        1,599.781612
Epoch28                             0.000000                        1,599.781612
Epoch29                             0.000000                        1,599.781612
Epoch30                             0.000000                        1,599.781612
Epoch31                             0.000000                        1,599.781612
