Epoch#                               Rewards                   Total(Cumulative)
Epoch0                          2,214.320031                        2,214.320031
Epoch1                             15.963003                        2,230.283033
Epoch2                              5.251253                        2,235.534286
Epoch3                              6.953955                        2,242.488241
Epoch4                             16.450300                        2,258.938542
Epoch5                             25.147937                        2,284.086478
Epoch6                              4.167667                        2,288.254145
Epoch7                              0.000000                        2,288.254145
Epoch8                              0.000000                        2,288.254145
Epoch9                              0.000000                        2,288.254145
Epoch10                             0.000000                        2,288.254145
Epoch11                             0.000000                        2,288.254145
Epoch12                             0.035594                        2,288.289739
Epoch13                             0.000000                        2,288.289739
Epoch14                             0.000000                        2,288.289739
Epoch15                             0.000000                        2,288.289739
Epoch16                             0.000000                        2,288.289739
Epoch17                             0.000000                        2,288.289739
Epoch18                             0.000000                        2,288.289739
Epoch19                             0.000000                        2,288.289739
Epoch20                             0.000000                        2,288.289739
Epoch21                             0.000000                        2,288.289739
Epoch22                             0.000000                        2,288.289739
Epoch23                             0.000000                        2,288.289739
Epoch24                             0.000000                        2,288.289739
Epoch25                             0.000000                        2,288.289739
Epoch26                             0.000000                        2,288.289739
Epoch27                             0.000000                        2,288.289739
Epoch28                             0.000000                        2,288.289739
Epoch29                             0.000000                        2,288.289739
