Epoch#                               Rewards                   Total(Cumulative)
Epoch0                          1,165.588328                        1,165.588328
Epoch1                              0.000000                        1,165.588328
Epoch2                              0.000000                        1,165.588328
Epoch3                              0.000000                        1,165.588328
Epoch4                              0.000000                        1,165.588328
Epoch5                              0.000000                        1,165.588328
Epoch6                              0.000000                        1,165.588328
Epoch7                              0.000000                        1,165.588328
Epoch8                              0.000000                        1,165.588328
Epoch9                              0.000000                        1,165.588328
Epoch10                             0.000000                        1,165.588328
Epoch11                             0.000000                        1,165.588328
Epoch12                             0.000000                        1,165.588328
Epoch13                             0.000000                        1,165.588328
Epoch14                             0.000000                        1,165.588328
Epoch15                             0.000000                        1,165.588328
Epoch16                             0.000000                        1,165.588328
