Epoch#                               Rewards                   Total(Cumulative)
Epoch0                          1,163.602163                        1,163.602163
Epoch1                              0.000000                        1,163.602163
Epoch2                              0.000000                        1,163.602163
Epoch3                              0.000000                        1,163.602163
Epoch4                              0.000000                        1,163.602163
Epoch5                              0.000000                        1,163.602163
Epoch6                              0.000000                        1,163.602163
Epoch7                              0.000000                        1,163.602163
Epoch8                              0.000000                        1,163.602163
Epoch9                              0.000000                        1,163.602163
Epoch10                             0.000000                        1,163.602163
Epoch11                             0.000000                        1,163.602163
Epoch12                             0.000000                        1,163.602163
Epoch13                             0.000000                        1,163.602163
Epoch14                             0.000000                        1,163.602163
Epoch15                             0.000000                        1,163.602163
Epoch16                             0.000000                        1,163.602163
Epoch17                             0.000000                        1,163.602163
Epoch18                             0.000000                        1,163.602163
Epoch19                             0.000000                        1,163.602163
Epoch20                             0.000000                        1,163.602163
Epoch21                             0.000000                        1,163.602163
Epoch22                             0.000000                        1,163.602163
Epoch23                             0.000000                        1,163.602163
Epoch24                             0.000000                        1,163.602163
Epoch25                             0.000000                        1,163.602163
Epoch26                             0.000000                        1,163.602163
Epoch27                             0.000000                        1,163.602163
Epoch28                             0.000000                        1,163.602163
Epoch29                             0.000000                        1,163.602163
