Epoch#                               Rewards                   Total(Cumulative)
Epoch0                         14,066.297180                       14,066.297180
Epoch1                              0.000000                       14,066.297180
Epoch2                              0.000000                       14,066.297180
Epoch3                              0.000000                       14,066.297180
Epoch4                              0.000000                       14,066.297180
Epoch5                              0.000000                       14,066.297180
Epoch6                              0.000000                       14,066.297180
Epoch7                              0.000000                       14,066.297180
Epoch8                              0.000000                       14,066.297180
Epoch9                              0.000000                       14,066.297180
Epoch10                             0.000000                       14,066.297180
Epoch11                             0.000000                       14,066.297180
Epoch12                             0.000000                       14,066.297180
Epoch13                             0.000000                       14,066.297180
Epoch14                             0.000000                       14,066.297180
