Epoch#                               Rewards                   Total(Cumulative)
Epoch0                          6,426.036456                        6,426.036456
Epoch1                              0.000000                        6,426.036456
Epoch2                              5.650306                        6,431.686763
Epoch3                              0.000000                        6,431.686763
Epoch4                              0.000000                        6,431.686763
Epoch5                              0.000000                        6,431.686763
Epoch6                              0.000000                        6,431.686763
Epoch7                              0.000000                        6,431.686763
Epoch8                              0.000000                        6,431.686763
Epoch9                              0.000000                        6,431.686763
Epoch10                             0.000000                        6,431.686763
Epoch11                             0.000000                        6,431.686763
Epoch12                             0.000000                        6,431.686763
Epoch13                             0.000000                        6,431.686763
Epoch14                             0.000000                        6,431.686763
Epoch15                             0.000000                        6,431.686763
Epoch16                             0.000000                        6,431.686763
Epoch17                             0.000000                        6,431.686763
