Epoch#                               Rewards                   Total(Cumulative)
Epoch0                          9,529.860000                        9,529.860000
Epoch1                              0.000000                        9,529.860000
Epoch2                              0.000000                        9,529.860000
Epoch3                              5.122870                        9,534.982870
Epoch4                              0.000000                        9,534.982870
Epoch5                              0.000000                        9,534.982870
Epoch6                              0.000000                        9,534.982870
Epoch7                              0.000000                        9,534.982870
Epoch8                              0.000000                        9,534.982870
Epoch9                              0.000000                        9,534.982870
Epoch10                             0.000000                        9,534.982870
Epoch11                             0.000000                        9,534.982870
Epoch12                             0.000000                        9,534.982870
Epoch13                             0.000000                        9,534.982870
Epoch14                             0.000000                        9,534.982870
