Epoch#                               Rewards                   Total(Cumulative)
Epoch0                          1,165.503144                        1,165.503144
Epoch1                              0.000000                        1,165.503144
Epoch2                              0.000000                        1,165.503144
Epoch3                              0.000000                        1,165.503144
Epoch4                              0.029051                        1,165.532194
Epoch5                              0.000000                        1,165.532194
Epoch6                              0.000000                        1,165.532194
Epoch7                              0.000000                        1,165.532194
Epoch8                              0.000000                        1,165.532194
Epoch9                              0.000000                        1,165.532194
Epoch10                             0.000000                        1,165.532194
Epoch11                             0.000000                        1,165.532194
Epoch12                             0.000000                        1,165.532194
Epoch13                             0.000000                        1,165.532194
Epoch14                             0.000000                        1,165.532194
Epoch15                             0.000000                        1,165.532194
Epoch16                             0.000000                        1,165.532194
