Epoch#                               Rewards                   Total(Cumulative)
Epoch0                          4,367.220760                        4,367.220760
Epoch1                             19.939361                        4,387.160121
Epoch2                             66.137720                        4,453.297842
Epoch3                             43.678708                        4,496.976550
Epoch4                              0.000000                        4,496.976550
Epoch5                              0.000000                        4,496.976550
Epoch6                              0.000000                        4,496.976550
Epoch7                              0.000000                        4,496.976550
Epoch8                              0.000000                        4,496.976550
Epoch9                              0.000000                        4,496.976550
Epoch10                            18.540025                        4,515.516575
Epoch11                            11.934409                        4,527.450984
Epoch12                             0.000000                        4,527.450984
Epoch13                             0.000000                        4,527.450984
Epoch14                             0.000000                        4,527.450984
Epoch15                             0.000000                        4,527.450984
Epoch16                             0.000000                        4,527.450984
Epoch17                             0.000000                        4,527.450984
Epoch18                             0.000000                        4,527.450984
Epoch19                             0.000000                        4,527.450984
Epoch20                             0.000000                        4,527.450984
Epoch21                             0.000000                        4,527.450984
Epoch22                             0.000000                        4,527.450984
Epoch23                             0.000000                        4,527.450984
Epoch24                             0.000000                        4,527.450984
Epoch25                             0.000000                        4,527.450984
Epoch26                             0.000000                        4,527.450984
Epoch27                             0.000000                        4,527.450984
Epoch28                             0.000000                        4,527.450984
Epoch29                             0.000000                        4,527.450984
