Epoch#                               Rewards                   Total(Cumulative)
Epoch0                          4,354.712389                        4,354.712389
Epoch1                             80.188469                        4,434.900858
Epoch2                              0.000000                        4,434.900858
Epoch3                              0.000000                        4,434.900858
Epoch4                              0.000000                        4,434.900858
Epoch5                              0.000000                        4,434.900858
Epoch6                              0.000000                        4,434.900858
Epoch7                              0.000000                        4,434.900858
Epoch8                              0.000000                        4,434.900858
Epoch9                              0.000000                        4,434.900858
Epoch10                             0.000000                        4,434.900858
Epoch11                             0.000000                        4,434.900858
Epoch12                             0.000000                        4,434.900858
Epoch13                             0.000000                        4,434.900858
Epoch14                             0.000000                        4,434.900858
Epoch15                             0.000000                        4,434.900858
Epoch16                             0.000000                        4,434.900858
