Epoch#                               Rewards                   Total(Cumulative)
Epoch0                          1,163.510000                        1,163.510000
Epoch1                              0.090414                        1,163.600414
Epoch2                              0.023834                        1,163.624248
Epoch3                              0.000000                        1,163.624248
Epoch4                              0.000000                        1,163.624248
Epoch5                              0.000000                        1,163.624248
Epoch6                              0.000000                        1,163.624248
Epoch7                              0.000000                        1,163.624248
Epoch8                              0.000000                        1,163.624248
Epoch9                              0.000000                        1,163.624248
Epoch10                             0.000000                        1,163.624248
Epoch11                             0.000000                        1,163.624248
Epoch12                             0.000000                        1,163.624248
Epoch13                             0.000000                        1,163.624248
Epoch14                             0.000000                        1,163.624248
Epoch15                             0.000000                        1,163.624248
Epoch16                             0.000000                        1,163.624248
