Epoch#                               Rewards                   Total(Cumulative)
Epoch0                          4,604.717337                        4,604.717337
Epoch1                            114.865780                        4,719.583117
Epoch2                             43.831389                        4,763.414506
Epoch3                             74.901582                        4,838.316088
Epoch4                             74.350797                        4,912.666885
Epoch5                             64.408920                        4,977.075805
Epoch6                             10.903624                        4,987.979429
Epoch7                             22.660724                        5,010.640153
Epoch8                              6.637185                        5,017.277338
Epoch9                             27.755232                        5,045.032569
Epoch10                             0.000000                        5,045.032569
Epoch11                             0.000000                        5,045.032569
Epoch12                             0.000000                        5,045.032569
Epoch13                             0.000000                        5,045.032569
Epoch14                             0.000000                        5,045.032569
Epoch15                             0.000000                        5,045.032569
Epoch16                             0.000000                        5,045.032569
Epoch17                             0.000000                        5,045.032569
Epoch18                             0.000000                        5,045.032569
Epoch19                             0.000000                        5,045.032569
Epoch20                             0.000000                        5,045.032569
Epoch21                             0.000000                        5,045.032569
Epoch22                             0.000000                        5,045.032569
Epoch23                             0.000000                        5,045.032569
Epoch24                             0.000000                        5,045.032569
Epoch25                             0.000000                        5,045.032569
Epoch26                             0.000000                        5,045.032569
Epoch27                             0.000000                        5,045.032569
