Epoch#                               Rewards                   Total(Cumulative)
Epoch0                          1,189.074211                        1,189.074211
Epoch1                              5.298840                        1,194.373051
Epoch2                              0.000000                        1,194.373051
Epoch3                              0.000000                        1,194.373051
Epoch4                              0.000000                        1,194.373051
Epoch5                              0.000000                        1,194.373051
Epoch6                              0.000000                        1,194.373051
Epoch7                              0.000000                        1,194.373051
Epoch8                              0.000000                        1,194.373051
Epoch9                              0.000000                        1,194.373051
Epoch10                             0.000000                        1,194.373051
Epoch11                             0.000000                        1,194.373051
Epoch12                             0.000000                        1,194.373051
Epoch13                             0.000000                        1,194.373051
Epoch14                             0.000000                        1,194.373051
Epoch15                             0.000000                        1,194.373051
Epoch16                             0.000000                        1,194.373051
Epoch17                             0.000000                        1,194.373051
Epoch18                             0.000000                        1,194.373051
Epoch19                             0.000000                        1,194.373051
Epoch20                             0.000000                        1,194.373051
Epoch21                             0.000000                        1,194.373051
Epoch22                             0.000000                        1,194.373051
Epoch23                             0.000000                        1,194.373051
Epoch24                             0.000000                        1,194.373051
Epoch25                             0.000000                        1,194.373051
Epoch26                             0.000000                        1,194.373051
Epoch27                             0.000000                        1,194.373051
