Epoch#                               Rewards                   Total(Cumulative)
Epoch0                          6,463.307456                        6,463.307456
Epoch1                              0.000000                        6,463.307456
Epoch2                              0.000000                        6,463.307456
Epoch3                              0.000000                        6,463.307456
Epoch4                              0.000000                        6,463.307456
Epoch5                              0.000000                        6,463.307456
Epoch6                              0.000000                        6,463.307456
Epoch7                              0.000000                        6,463.307456
Epoch8                              0.000000                        6,463.307456
Epoch9                              0.000000                        6,463.307456
Epoch10                             0.000000                        6,463.307456
Epoch11                             0.000000                        6,463.307456
Epoch12                             0.000000                        6,463.307456
Epoch13                             0.000000                        6,463.307456
Epoch14                             0.000000                        6,463.307456
Epoch15                             0.000000                        6,463.307456
Epoch16                             0.000000                        6,463.307456
Epoch17                             0.000000                        6,463.307456
