Epoch#                               Rewards                   Total(Cumulative)
Epoch0                              0.000000                            0.000000
Epoch1                          3,467.209405                        3,467.209405
Epoch2                            131.334372                        3,598.543777
Epoch3                            831.006095                        4,429.549872
Epoch4                              0.000000                        4,429.549872
Epoch5                             22.928007                        4,452.477879
Epoch6                              0.000000                        4,452.477879
Epoch7                              0.000000                        4,452.477879
Epoch8                              0.000000                        4,452.477879
Epoch9                              0.000000                        4,452.477879
Epoch10                             0.000000                        4,452.477879
Epoch11                             0.000000                        4,452.477879
Epoch12                             0.000000                        4,452.477879
Epoch13                             0.000000                        4,452.477879
Epoch14                             0.000000                        4,452.477879
Epoch15                             0.000000                        4,452.477879
Epoch16                             0.000000                        4,452.477879
Epoch17                             0.000000                        4,452.477879
Epoch18                             0.000000                        4,452.477879
Epoch19                             0.000000                        4,452.477879
Epoch20                             0.000000                        4,452.477879
Epoch21                             0.000000                        4,452.477879
Epoch22                             0.000000                        4,452.477879
Epoch23                             0.000000                        4,452.477879
Epoch24                             0.000000                        4,452.477879
Epoch25                             0.000000                        4,452.477879
Epoch26                             0.000000                        4,452.477879
Epoch27                             0.000000                        4,452.477879
Epoch28                             0.000000                        4,452.477879
Epoch29                             0.000000                        4,452.477879
Epoch30                             0.000000                        4,452.477879
Epoch31                             0.000000                        4,452.477879
