Epoch#                               Rewards                   Total(Cumulative)
Epoch0                          1,163.791533                        1,163.791533
Epoch1                              0.000000                        1,163.791533
Epoch2                              0.000000                        1,163.791533
Epoch3                              0.000000                        1,163.791533
Epoch4                              0.000000                        1,163.791533
Epoch5                              0.000000                        1,163.791533
Epoch6                              0.000000                        1,163.791533
Epoch7                              0.000000                        1,163.791533
Epoch8                              0.000000                        1,163.791533
Epoch9                              0.000000                        1,163.791533
Epoch10                             0.000000                        1,163.791533
Epoch11                             0.000000                        1,163.791533
Epoch12                             0.000000                        1,163.791533
Epoch13                             0.000000                        1,163.791533
Epoch14                             0.000000                        1,163.791533
Epoch15                             0.000000                        1,163.791533
Epoch16                             0.000000                        1,163.791533
Epoch17                             0.000000                        1,163.791533
Epoch18                             0.000000                        1,163.791533
Epoch19                             0.000000                        1,163.791533
Epoch20                             0.000000                        1,163.791533
Epoch21                             0.000000                        1,163.791533
Epoch22                             0.000000                        1,163.791533
Epoch23                             0.000000                        1,163.791533
Epoch24                             0.000000                        1,163.791533
Epoch25                             0.000000                        1,163.791533
Epoch26                             0.000000                        1,163.791533
Epoch27                             0.000000                        1,163.791533
Epoch28                             0.000000                        1,163.791533
Epoch29                             0.000000                        1,163.791533
Epoch30                             0.000000                        1,163.791533
