Epoch#                               Rewards                   Total(Cumulative)
Epoch0                          4,349.630000                        4,349.630000
Epoch1                              0.000000                        4,349.630000
Epoch2                              0.000000                        4,349.630000
Epoch3                              0.000000                        4,349.630000
Epoch4                              0.000000                        4,349.630000
Epoch5                              0.000000                        4,349.630000
Epoch6                              1.095020                        4,350.725020
Epoch7                              0.000000                        4,350.725020
Epoch8                              0.000000                        4,350.725020
Epoch9                             53.889091                        4,404.614111
Epoch10                             8.992310                        4,413.606421
Epoch11                            55.022233                        4,468.628654
Epoch12                            96.344310                        4,564.972965
Epoch13                           164.357346                        4,729.330311
Epoch14                            59.034257                        4,788.364568
Epoch15                            64.055537                        4,852.420105
Epoch16                             0.000000                        4,852.420105
Epoch17                           186.481934                        5,038.902039
Epoch18                           120.536668                        5,159.438707
Epoch19                            39.769605                        5,199.208312
Epoch20                             0.000000                        5,199.208312
Epoch21                             0.000000                        5,199.208312
Epoch22                             0.000000                        5,199.208312
Epoch23                             0.000000                        5,199.208312
Epoch24                             0.000000                        5,199.208312
Epoch25                             0.000000                        5,199.208312
Epoch26                             0.000000                        5,199.208312
Epoch27                             0.000000                        5,199.208312
Epoch28                             0.000000                        5,199.208312
Epoch29                             0.000000                        5,199.208312
Epoch30                             0.000000                        5,199.208312
