Epoch#                               Rewards                   Total(Cumulative)
Epoch0                          4,424.189670                        4,424.189670
Epoch1                             41.833186                        4,466.022856
Epoch2                              0.000000                        4,466.022856
Epoch3                              0.000000                        4,466.022856
Epoch4                              0.000000                        4,466.022856
Epoch5                              0.000000                        4,466.022856
Epoch6                              0.000000                        4,466.022856
Epoch7                              0.000000                        4,466.022856
Epoch8                              0.000000                        4,466.022856
Epoch9                              0.000000                        4,466.022856
Epoch10                             0.000000                        4,466.022856
Epoch11                             0.000000                        4,466.022856
Epoch12                             0.000000                        4,466.022856
Epoch13                             0.000000                        4,466.022856
Epoch14                             0.000000                        4,466.022856
Epoch15                             0.000000                        4,466.022856
