Epoch#                               Rewards                   Total(Cumulative)
Epoch0                          4,349.630000                        4,349.630000
Epoch1                              0.000000                        4,349.630000
Epoch2                             46.067258                        4,395.697258
Epoch3                             34.292841                        4,429.990099
Epoch4                              0.000000                        4,429.990099
Epoch5                              0.000000                        4,429.990099
Epoch6                              0.000000                        4,429.990099
Epoch7                              0.000000                        4,429.990099
Epoch8                              0.000000                        4,429.990099
Epoch9                              0.173459                        4,430.163558
Epoch10                             0.000000                        4,430.163558
Epoch11                             0.454141                        4,430.617699
Epoch12                             0.030093                        4,430.647791
Epoch13                             0.000000                        4,430.647791
Epoch14                             0.000000                        4,430.647791
Epoch15                             0.000000                        4,430.647791
Epoch16                             0.000000                        4,430.647791
Epoch17                             0.000000                        4,430.647791
Epoch18                             0.000000                        4,430.647791
Epoch19                             0.000000                        4,430.647791
Epoch20                             0.000000                        4,430.647791
Epoch21                             4.043976                        4,434.691768
Epoch22                             0.000000                        4,434.691768
Epoch23                             0.000000                        4,434.691768
Epoch24                             0.000000                        4,434.691768
Epoch25                             0.000000                        4,434.691768
Epoch26                             0.000000                        4,434.691768
Epoch27                             0.000000                        4,434.691768
Epoch28                             0.000000                        4,434.691768
