Epoch#                               Rewards                   Total(Cumulative)
Epoch0                          1,164.067079                        1,164.067079
Epoch1                              0.000000                        1,164.067079
Epoch2                              0.000000                        1,164.067079
Epoch3                              0.000000                        1,164.067079
Epoch4                              0.000000                        1,164.067079
Epoch5                              0.000000                        1,164.067079
Epoch6                              0.000000                        1,164.067079
Epoch7                              0.000000                        1,164.067079
Epoch8                              0.000000                        1,164.067079
Epoch9                              0.000000                        1,164.067079
Epoch10                             0.000000                        1,164.067079
Epoch11                             0.000000                        1,164.067079
Epoch12                             0.000000                        1,164.067079
Epoch13                             0.000000                        1,164.067079
Epoch14                             0.000000                        1,164.067079
Epoch15                             0.000000                        1,164.067079
