Epoch#                               Rewards                   Total(Cumulative)
Epoch0                          1,167.962274                        1,167.962274
Epoch1                              0.000000                        1,167.962274
Epoch2                              0.000000                        1,167.962274
Epoch3                              0.000000                        1,167.962274
Epoch4                              0.000000                        1,167.962274
Epoch5                              0.000000                        1,167.962274
Epoch6                              0.000000                        1,167.962274
Epoch7                              0.000000                        1,167.962274
Epoch8                              0.000000                        1,167.962274
Epoch9                              0.000000                        1,167.962274
Epoch10                             0.000000                        1,167.962274
Epoch11                             0.000000                        1,167.962274
Epoch12                             0.000000                        1,167.962274
Epoch13                             0.000000                        1,167.962274
Epoch14                             0.000000                        1,167.962274
Epoch15                             0.000000                        1,167.962274
