Epoch#                               Rewards                   Total(Cumulative)
Epoch0                          4,350.328429                        4,350.328429
Epoch1                              0.000000                        4,350.328429
Epoch2                              0.000000                        4,350.328429
Epoch3                              0.000000                        4,350.328429
Epoch4                              0.000000                        4,350.328429
Epoch5                              0.000000                        4,350.328429
Epoch6                              0.000000                        4,350.328429
Epoch7                              0.000000                        4,350.328429
Epoch8                              0.000000                        4,350.328429
Epoch9                              0.000000                        4,350.328429
Epoch10                             0.000000                        4,350.328429
Epoch11                             0.000000                        4,350.328429
Epoch12                             0.000000                        4,350.328429
Epoch13                             0.000000                        4,350.328429
Epoch14                             0.000000                        4,350.328429
Epoch15                             0.000000                        4,350.328429
Epoch16                             0.000000                        4,350.328429
Epoch17                             0.000000                        4,350.328429
