Epoch#                               Rewards                   Total(Cumulative)
Epoch0                          4,349.630000                        4,349.630000
Epoch1                              0.761598                        4,350.391598
Epoch2                              0.000000                        4,350.391598
Epoch3                              0.000000                        4,350.391598
Epoch4                              0.000000                        4,350.391598
Epoch5                              0.000000                        4,350.391598
Epoch6                              0.000000                        4,350.391598
Epoch7                              0.000000                        4,350.391598
Epoch8                              0.000000                        4,350.391598
Epoch9                              0.000000                        4,350.391598
Epoch10                             0.000000                        4,350.391598
Epoch11                             0.000000                        4,350.391598
Epoch12                             0.000000                        4,350.391598
Epoch13                             0.000000                        4,350.391598
Epoch14                             0.000000                        4,350.391598
Epoch15                             0.000000                        4,350.391598
Epoch16                             0.000000                        4,350.391598
Epoch17                             0.000000                        4,350.391598
Epoch18                             0.000000                        4,350.391598
Epoch19                             0.000000                        4,350.391598
Epoch20                             0.000000                        4,350.391598
Epoch21                             0.000000                        4,350.391598
Epoch22                             0.000000                        4,350.391598
Epoch23                             0.000000                        4,350.391598
Epoch24                             0.000000                        4,350.391598
Epoch25                             0.000000                        4,350.391598
Epoch26                             0.000000                        4,350.391598
Epoch27                             0.000000                        4,350.391598
Epoch28                             0.000000                        4,350.391598
Epoch29                             0.000000                        4,350.391598
