Epoch#                               Rewards                   Total(Cumulative)
Epoch0                          1,203.541156                        1,203.541156
Epoch1                             31.243535                        1,234.784692
Epoch2                             11.351454                        1,246.136146
Epoch3                              0.000000                        1,246.136146
Epoch4                              0.000000                        1,246.136146
Epoch5                              1.067183                        1,247.203329
Epoch6                              0.000000                        1,247.203329
Epoch7                              0.327044                        1,247.530373
Epoch8                             94.988551                        1,342.518924
Epoch9                              3.752363                        1,346.271286
Epoch10                             0.000000                        1,346.271286
Epoch11                            18.417584                        1,364.688871
Epoch12                             0.000000                        1,364.688871
Epoch13                             0.000000                        1,364.688871
Epoch14                             0.000000                        1,364.688871
Epoch15                             0.000000                        1,364.688871
Epoch16                             0.000000                        1,364.688871
