Epoch#                               Rewards                   Total(Cumulative)
Epoch0                          1,163.574245                        1,163.574245
Epoch1                              0.171499                        1,163.745744
Epoch2                              0.045668                        1,163.791412
Epoch3                              0.000000                        1,163.791412
Epoch4                              0.000000                        1,163.791412
Epoch5                              0.000000                        1,163.791412
Epoch6                              0.000000                        1,163.791412
Epoch7                              0.000000                        1,163.791412
Epoch8                              0.000000                        1,163.791412
Epoch9                              0.000000                        1,163.791412
Epoch10                             0.000000                        1,163.791412
Epoch11                             0.000000                        1,163.791412
Epoch12                             0.000000                        1,163.791412
Epoch13                             0.000000                        1,163.791412
Epoch14                             0.000000                        1,163.791412
Epoch15                             0.000000                        1,163.791412
Epoch16                             0.000000                        1,163.791412
Epoch17                             0.000000                        1,163.791412
Epoch18                             0.000000                        1,163.791412
Epoch19                             0.000000                        1,163.791412
Epoch20                             0.000000                        1,163.791412
Epoch21                             0.000000                        1,163.791412
Epoch22                             0.000000                        1,163.791412
Epoch23                             0.000000                        1,163.791412
Epoch24                             0.000000                        1,163.791412
Epoch25                             0.000000                        1,163.791412
Epoch26                             0.000000                        1,163.791412
Epoch27                             0.000000                        1,163.791412
Epoch28                             0.000000                        1,163.791412
Epoch29                             0.000000                        1,163.791412
