Epoch#                               Rewards                   Total(Cumulative)
Epoch0                          1,163.574070                        1,163.574070
Epoch1                              0.068787                        1,163.642858
Epoch2                              0.015249                        1,163.658106
Epoch3                              0.000000                        1,163.658106
Epoch4                              0.000000                        1,163.658106
Epoch5                              0.000000                        1,163.658106
Epoch6                              0.000000                        1,163.658106
Epoch7                              0.000000                        1,163.658106
Epoch8                              0.000000                        1,163.658106
Epoch9                              0.000000                        1,163.658106
Epoch10                             0.000000                        1,163.658106
Epoch11                             0.000000                        1,163.658106
Epoch12                             0.000000                        1,163.658106
Epoch13                             0.000000                        1,163.658106
Epoch14                             0.000000                        1,163.658106
Epoch15                             0.000000                        1,163.658106
Epoch16                             0.000000                        1,163.658106
Epoch17                             0.000000                        1,163.658106
