Epoch#                               Rewards                   Total(Cumulative)
Epoch0                          9,563.965198                        9,563.965198
Epoch1                             43.542179                        9,607.507377
Epoch2                             65.171671                        9,672.679047
Epoch3                             70.495086                        9,743.174133
Epoch4                            109.510665                        9,852.684798
Epoch5                             13.094384                        9,865.779182
Epoch6                             57.776677                        9,923.555859
Epoch7                              7.020801                        9,930.576660
Epoch8                             15.395485                        9,945.972145
Epoch9                              0.979071                        9,946.951216
Epoch10                             0.000000                        9,946.951216
Epoch11                             9.726165                        9,956.677381
Epoch12                             0.160347                        9,956.837728
Epoch13                             0.000000                        9,956.837728
Epoch14                             0.000000                        9,956.837728
Epoch15                             0.000000                        9,956.837728
Epoch16                             0.000000                        9,956.837728
Epoch17                             0.000000                        9,956.837728
Epoch18                             0.000000                        9,956.837728
Epoch19                             0.000000                        9,956.837728
Epoch20                             0.000000                        9,956.837728
Epoch21                             0.000000                        9,956.837728
Epoch22                             0.000000                        9,956.837728
Epoch23                             0.000000                        9,956.837728
Epoch24                             0.000000                        9,956.837728
Epoch25                             0.000000                        9,956.837728
Epoch26                             0.000000                        9,956.837728
Epoch27                             0.000000                        9,956.837728
Epoch28                             0.000000                        9,956.837728
Epoch29                             0.000000                        9,956.837728
