Epoch#                               Rewards                   Total(Cumulative)
Epoch0                          1,167.616172                        1,167.616172
Epoch1                              0.000000                        1,167.616172
Epoch2                              0.000000                        1,167.616172
Epoch3                              0.000000                        1,167.616172
Epoch4                              0.000000                        1,167.616172
Epoch5                              0.000000                        1,167.616172
Epoch6                              0.000000                        1,167.616172
Epoch7                              0.000000                        1,167.616172
Epoch8                              0.000000                        1,167.616172
Epoch9                              0.000000                        1,167.616172
Epoch10                             0.000000                        1,167.616172
Epoch11                             0.000000                        1,167.616172
Epoch12                             0.000000                        1,167.616172
Epoch13                             0.000000                        1,167.616172
Epoch14                             0.000000                        1,167.616172
Epoch15                             0.000000                        1,167.616172
Epoch16                             0.000000                        1,167.616172
Epoch17                             0.000000                        1,167.616172
