Epoch#                               Rewards                   Total(Cumulative)
Epoch0                          1,163.565783                        1,163.565783
Epoch1                              0.000000                        1,163.565783
Epoch2                              0.000000                        1,163.565783
Epoch3                              0.000000                        1,163.565783
Epoch4                              0.000000                        1,163.565783
Epoch5                              0.000000                        1,163.565783
Epoch6                              0.000000                        1,163.565783
Epoch7                              0.000000                        1,163.565783
Epoch8                              0.000000                        1,163.565783
Epoch9                              0.000000                        1,163.565783
Epoch10                             0.000000                        1,163.565783
Epoch11                             0.000000                        1,163.565783
Epoch12                             0.000000                        1,163.565783
Epoch13                             0.000000                        1,163.565783
Epoch14                             0.000000                        1,163.565783
Epoch15                             0.000000                        1,163.565783
Epoch16                             0.000000                        1,163.565783
