Epoch#                               Rewards                   Total(Cumulative)
Epoch0                          1,163.548574                        1,163.548574
Epoch1                              0.000000                        1,163.548574
Epoch2                              0.000000                        1,163.548574
Epoch3                              0.000000                        1,163.548574
Epoch4                              0.000000                        1,163.548574
Epoch5                              0.000000                        1,163.548574
Epoch6                              0.000000                        1,163.548574
Epoch7                              0.000000                        1,163.548574
Epoch8                              0.000000                        1,163.548574
Epoch9                              0.000000                        1,163.548574
Epoch10                             0.000000                        1,163.548574
Epoch11                             0.000000                        1,163.548574
Epoch12                             0.000000                        1,163.548574
Epoch13                             0.000000                        1,163.548574
Epoch14                             0.000000                        1,163.548574
