Epoch#                               Rewards                   Total(Cumulative)
Epoch0                          1,177.052326                        1,177.052326
Epoch1                              3.334248                        1,180.386574
Epoch2                              0.000000                        1,180.386574
Epoch3                              0.000000                        1,180.386574
Epoch4                              0.000000                        1,180.386574
Epoch5                              0.000000                        1,180.386574
Epoch6                              0.000000                        1,180.386574
Epoch7                              0.000000                        1,180.386574
Epoch8                              0.000000                        1,180.386574
Epoch9                              0.000000                        1,180.386574
Epoch10                             0.000000                        1,180.386574
Epoch11                             0.000000                        1,180.386574
Epoch12                             0.000000                        1,180.386574
Epoch13                             0.000000                        1,180.386574
Epoch14                             0.000000                        1,180.386574
Epoch15                             0.000000                        1,180.386574
Epoch16                             0.000000                        1,180.386574
