Epoch#                               Rewards                   Total(Cumulative)
Epoch0                          4,350.497185                        4,350.497185
Epoch1                              1.773268                        4,352.270454
Epoch2                              0.000000                        4,352.270454
Epoch3                              0.000000                        4,352.270454
Epoch4                              0.000000                        4,352.270454
Epoch5                              0.000000                        4,352.270454
Epoch6                              0.000000                        4,352.270454
Epoch7                              0.000000                        4,352.270454
Epoch8                              0.000000                        4,352.270454
Epoch9                              0.000000                        4,352.270454
Epoch10                             0.000000                        4,352.270454
Epoch11                             0.000000                        4,352.270454
Epoch12                             0.000000                        4,352.270454
Epoch13                             0.000000                        4,352.270454
Epoch14                             0.000000                        4,352.270454
Epoch15                             0.000000                        4,352.270454
