Epoch#                               Rewards                   Total(Cumulative)
Epoch0                          1,164.180929                        1,164.180929
Epoch1                              0.000000                        1,164.180929
Epoch2                              0.000000                        1,164.180929
Epoch3                              0.000000                        1,164.180929
Epoch4                              0.000000                        1,164.180929
Epoch5                              0.000000                        1,164.180929
Epoch6                              0.000000                        1,164.180929
Epoch7                              0.000000                        1,164.180929
Epoch8                              0.000000                        1,164.180929
Epoch9                              0.000000                        1,164.180929
Epoch10                             0.000000                        1,164.180929
Epoch11                             0.000000                        1,164.180929
Epoch12                             0.000000                        1,164.180929
Epoch13                             0.000000                        1,164.180929
Epoch14                             0.000000                        1,164.180929
Epoch15                             0.000000                        1,164.180929
