Epoch#                               Rewards                   Total(Cumulative)
Epoch0                          1,401.497423                        1,401.497423
Epoch1                              0.000000                        1,401.497423
Epoch2                              0.000000                        1,401.497423
Epoch3                              0.000000                        1,401.497423
Epoch4                              0.000000                        1,401.497423
Epoch5                              0.000000                        1,401.497423
Epoch6                              0.000000                        1,401.497423
Epoch7                              0.000000                        1,401.497423
Epoch8                              0.000000                        1,401.497423
Epoch9                              0.000000                        1,401.497423
Epoch10                             0.000000                        1,401.497423
Epoch11                             0.000000                        1,401.497423
Epoch12                             0.000000                        1,401.497423
Epoch13                             0.000000                        1,401.497423
Epoch14                             0.000000                        1,401.497423
Epoch15                             0.000000                        1,401.497423
Epoch16                             0.000000                        1,401.497423
Epoch17                             0.000000                        1,401.497423
