Epoch#                               Rewards                   Total(Cumulative)
Epoch0                          6,529.881949                        6,529.881949
Epoch1                            825.979738                        7,355.861686
Epoch2                             74.015789                        7,429.877475
Epoch3                              1.734729                        7,431.612205
Epoch4                              0.000000                        7,431.612205
Epoch5                              2.699408                        7,434.311612
Epoch6                              0.000000                        7,434.311612
Epoch7                              0.000000                        7,434.311612
Epoch8                              0.000000                        7,434.311612
Epoch9                              0.000000                        7,434.311612
Epoch10                             0.000000                        7,434.311612
Epoch11                             0.000000                        7,434.311612
Epoch12                             0.000000                        7,434.311612
Epoch13                             0.000000                        7,434.311612
Epoch14                             0.000000                        7,434.311612
Epoch15                             0.000000                        7,434.311612
Epoch16                             0.000000                        7,434.311612
Epoch17                             0.000000                        7,434.311612
Epoch18                             0.000000                        7,434.311612
Epoch19                             0.000000                        7,434.311612
Epoch20                             0.000000                        7,434.311612
Epoch21                             0.000000                        7,434.311612
Epoch22                             0.000000                        7,434.311612
Epoch23                             0.000000                        7,434.311612
Epoch24                             0.000000                        7,434.311612
Epoch25                             0.000000                        7,434.311612
Epoch26                             0.000000                        7,434.311612
Epoch27                             0.000000                        7,434.311612
Epoch28                             0.000000                        7,434.311612
