Epoch#                               Rewards                   Total(Cumulative)
Epoch0                          1,163.623046                        1,163.623046
Epoch1                              0.000000                        1,163.623046
Epoch2                              0.000000                        1,163.623046
Epoch3                              0.000000                        1,163.623046
Epoch4                              0.000000                        1,163.623046
Epoch5                              0.000000                        1,163.623046
Epoch6                              0.000000                        1,163.623046
Epoch7                              0.000000                        1,163.623046
Epoch8                              0.000000                        1,163.623046
Epoch9                              0.000000                        1,163.623046
Epoch10                             0.000000                        1,163.623046
Epoch11                             0.000000                        1,163.623046
Epoch12                             0.000000                        1,163.623046
Epoch13                             0.000000                        1,163.623046
Epoch14                             0.000000                        1,163.623046
Epoch15                             0.000000                        1,163.623046
Epoch16                             0.000000                        1,163.623046
Epoch17                             0.000000                        1,163.623046
Epoch18                             0.000000                        1,163.623046
Epoch19                             0.000000                        1,163.623046
Epoch20                             0.000000                        1,163.623046
Epoch21                             0.000000                        1,163.623046
Epoch22                             0.000000                        1,163.623046
Epoch23                             0.000000                        1,163.623046
Epoch24                             0.000000                        1,163.623046
Epoch25                             0.000000                        1,163.623046
Epoch26                             0.000000                        1,163.623046
Epoch27                             0.000000                        1,163.623046
Epoch28                             0.000000                        1,163.623046
Epoch29                             0.000000                        1,163.623046
Epoch30                             0.000000                        1,163.623046
Epoch31                             0.000000                        1,163.623046
