Epoch#                               Rewards                   Total(Cumulative)
Epoch0                              0.000000                            0.000000
Epoch1                            936.419943                          936.419943
Epoch2                            183.831919                        1,120.251862
Epoch3                              0.000000                        1,120.251862
Epoch4                              0.000000                        1,120.251862
Epoch5                              0.000000                        1,120.251862
Epoch6                              0.000000                        1,120.251862
Epoch7                              0.000000                        1,120.251862
Epoch8                              0.000000                        1,120.251862
Epoch9                              0.000000                        1,120.251862
Epoch10                             0.000000                        1,120.251862
Epoch11                             0.000000                        1,120.251862
Epoch12                             0.000000                        1,120.251862
Epoch13                             0.000000                        1,120.251862
Epoch14                             0.000000                        1,120.251862
Epoch15                             0.000000                        1,120.251862
Epoch16                             0.000000                        1,120.251862
Epoch17                             0.000000                        1,120.251862
Epoch18                             0.000000                        1,120.251862
Epoch19                             0.000000                        1,120.251862
Epoch20                             0.000000                        1,120.251862
Epoch21                             0.000000                        1,120.251862
Epoch22                             0.000000                        1,120.251862
Epoch23                             0.000000                        1,120.251862
Epoch24                             0.000000                        1,120.251862
Epoch25                             0.000000                        1,120.251862
Epoch26                             0.000000                        1,120.251862
Epoch27                             0.000000                        1,120.251862
Epoch28                             0.000000                        1,120.251862
