Epoch#                               Rewards                   Total(Cumulative)
Epoch0                          6,793.704950                        6,793.704950
Epoch1                             45.972246                        6,839.677196
Epoch2                             58.723646                        6,898.400843
Epoch3                              0.828677                        6,899.229520
Epoch4                              0.000000                        6,899.229520
Epoch5                             31.807144                        6,931.036664
Epoch6                              1.510468                        6,932.547132
Epoch7                              0.000000                        6,932.547132
Epoch8                              0.000000                        6,932.547132
Epoch9                              0.000000                        6,932.547132
Epoch10                            30.158816                        6,962.705948
Epoch11                             0.000000                        6,962.705948
Epoch12                            36.267007                        6,998.972954
Epoch13                           184.989829                        7,183.962783
Epoch14                            22.936630                        7,206.899413
Epoch15                             2.308312                        7,209.207725
Epoch16                             0.000000                        7,209.207725
Epoch17                             0.000000                        7,209.207725
Epoch18                             0.000000                        7,209.207725
Epoch19                             0.000000                        7,209.207725
Epoch20                             0.000000                        7,209.207725
Epoch21                             0.000000                        7,209.207725
Epoch22                             0.000000                        7,209.207725
Epoch23                             0.000000                        7,209.207725
Epoch24                             0.000000                        7,209.207725
Epoch25                             0.000000                        7,209.207725
Epoch26                           123.911060                        7,333.118786
Epoch27                           188.443492                        7,521.562278
Epoch28                             0.000000                        7,521.562278
Epoch29                           246.255235                        7,767.817512
Epoch30                             0.000000                        7,767.817512
