Epoch#                               Rewards                   Total(Cumulative)
Epoch0                          4,350.927686                        4,350.927686
Epoch1                              0.000000                        4,350.927686
Epoch2                              0.000000                        4,350.927686
Epoch3                              0.000000                        4,350.927686
Epoch4                              0.000000                        4,350.927686
Epoch5                              0.000000                        4,350.927686
Epoch6                              0.000000                        4,350.927686
Epoch7                              0.000000                        4,350.927686
Epoch8                              0.000000                        4,350.927686
Epoch9                              0.000000                        4,350.927686
Epoch10                             0.000000                        4,350.927686
Epoch11                             0.000000                        4,350.927686
Epoch12                             0.000000                        4,350.927686
Epoch13                             0.000000                        4,350.927686
Epoch14                             0.000000                        4,350.927686
Epoch15                             0.000000                        4,350.927686
