Epoch#                               Rewards                   Total(Cumulative)
Epoch0                          4,390.168328                        4,390.168328
Epoch1                              1.263548                        4,391.431876
Epoch2                              0.217928                        4,391.649804
Epoch3                              0.000000                        4,391.649804
Epoch4                              0.000000                        4,391.649804
Epoch5                              0.000000                        4,391.649804
Epoch6                              0.000000                        4,391.649804
Epoch7                              0.000000                        4,391.649804
Epoch8                              1.233251                        4,392.883055
Epoch9                              4.502844                        4,397.385899
Epoch10                            14.124493                        4,411.510392
Epoch11                            23.321648                        4,434.832040
Epoch12                             2.313437                        4,437.145478
Epoch13                             0.000000                        4,437.145478
Epoch14                             0.000000                        4,437.145478
Epoch15                             0.000000                        4,437.145478
Epoch16                             0.000000                        4,437.145478
Epoch17                             0.000000                        4,437.145478
Epoch18                             0.000000                        4,437.145478
Epoch19                             0.000000                        4,437.145478
Epoch20                             0.000000                        4,437.145478
Epoch21                             0.000000                        4,437.145478
Epoch22                             0.000000                        4,437.145478
Epoch23                             0.000000                        4,437.145478
Epoch24                             0.000000                        4,437.145478
Epoch25                            20.269901                        4,457.415379
Epoch26                             7.407917                        4,464.823296
Epoch27                             0.037718                        4,464.861014
Epoch28                            12.975715                        4,477.836729
Epoch29                            15.034623                        4,492.871352
Epoch30                             3.473380                        4,496.344732
Epoch31                             0.000000                        4,496.344732
