Epoch#                               Rewards                   Total(Cumulative)
Epoch0                          4,350.871776                        4,350.871776
Epoch1                              0.000000                        4,350.871776
Epoch2                              0.000000                        4,350.871776
Epoch3                              0.000000                        4,350.871776
Epoch4                              0.000000                        4,350.871776
Epoch5                              0.000000                        4,350.871776
Epoch6                              0.000000                        4,350.871776
Epoch7                              0.000000                        4,350.871776
Epoch8                              0.000000                        4,350.871776
Epoch9                              0.000000                        4,350.871776
Epoch10                             0.000000                        4,350.871776
Epoch11                             0.000000                        4,350.871776
Epoch12                             0.000000                        4,350.871776
Epoch13                             0.000000                        4,350.871776
Epoch14                             0.000000                        4,350.871776
Epoch15                             0.000000                        4,350.871776
Epoch16                             0.000000                        4,350.871776
