Epoch#                               Rewards                   Total(Cumulative)
Epoch0                          9,683.062345                        9,683.062345
Epoch1                             40.855854                        9,723.918199
Epoch2                             15.893210                        9,739.811409
Epoch3                             48.607916                        9,788.419325
Epoch4                             61.743138                        9,850.162462
Epoch5                              8.147000                        9,858.309462
Epoch6                              5.571188                        9,863.880651
Epoch7                             13.067017                        9,876.947668
Epoch8                              3.653991                        9,880.601659
Epoch9                             20.033227                        9,900.634886
Epoch10                             5.168029                        9,905.802915
Epoch11                             0.000000                        9,905.802915
Epoch12                             0.000000                        9,905.802915
Epoch13                             0.000000                        9,905.802915
Epoch14                             0.000000                        9,905.802915
Epoch15                             0.000000                        9,905.802915
Epoch16                             0.000000                        9,905.802915
Epoch17                             0.000000                        9,905.802915
Epoch18                             0.000000                        9,905.802915
Epoch19                             0.000000                        9,905.802915
Epoch20                             0.000000                        9,905.802915
Epoch21                             0.000000                        9,905.802915
Epoch22                             0.000000                        9,905.802915
Epoch23                             0.000000                        9,905.802915
Epoch24                             0.000000                        9,905.802915
Epoch25                             0.000000                        9,905.802915
Epoch26                             0.000000                        9,905.802915
Epoch27                             0.000000                        9,905.802915
