Epoch#                               Rewards                   Total(Cumulative)
Epoch0                          1,163.510000                        1,163.510000
Epoch1                              0.000000                        1,163.510000
Epoch2                              0.000000                        1,163.510000
Epoch3                              0.000000                        1,163.510000
Epoch4                              0.000000                        1,163.510000
Epoch5                              0.000000                        1,163.510000
Epoch6                              0.000000                        1,163.510000
Epoch7                              0.000000                        1,163.510000
Epoch8                              0.000000                        1,163.510000
Epoch9                              0.000000                        1,163.510000
Epoch10                             6.536670                        1,170.046670
Epoch11                             3.986256                        1,174.032925
Epoch12                             0.000000                        1,174.032925
Epoch13                             0.000000                        1,174.032925
Epoch14                             0.000000                        1,174.032925
Epoch15                             0.000000                        1,174.032925
Epoch16                             0.000000                        1,174.032925
Epoch17                             0.000000                        1,174.032925
Epoch18                             0.000000                        1,174.032925
Epoch19                             0.000000                        1,174.032925
Epoch20                             0.000000                        1,174.032925
Epoch21                             0.000000                        1,174.032925
Epoch22                             0.000000                        1,174.032925
Epoch23                             0.000000                        1,174.032925
Epoch24                             0.752057                        1,174.784982
Epoch25                             2.255994                        1,177.040976
Epoch26                             1.785718                        1,178.826694
Epoch27                             0.298456                        1,179.125150
Epoch28                             0.947337                        1,180.072486
Epoch29                             1.768774                        1,181.841260
