Epoch#                               Rewards                   Total(Cumulative)
Epoch0                              0.000000                            0.000000
Epoch1                            723.040776                          723.040776
Epoch2                            522.563994                        1,245.604770
Epoch3                             58.923607                        1,304.528377
Epoch4                            566.441290                        1,870.969667
Epoch5                            484.094047                        2,355.063715
Epoch6                              0.000000                        2,355.063715
Epoch7                              0.000000                        2,355.063715
Epoch8                              0.000000                        2,355.063715
Epoch9                              0.000000                        2,355.063715
Epoch10                             0.000000                        2,355.063715
Epoch11                             0.000000                        2,355.063715
Epoch12                             0.000000                        2,355.063715
Epoch13                             0.000000                        2,355.063715
Epoch14                             0.000000                        2,355.063715
Epoch15                             0.000000                        2,355.063715
Epoch16                             0.000000                        2,355.063715
Epoch17                             0.000000                        2,355.063715
Epoch18                             0.000000                        2,355.063715
Epoch19                             0.000000                        2,355.063715
Epoch20                             0.000000                        2,355.063715
Epoch21                             0.000000                        2,355.063715
Epoch22                             0.000000                        2,355.063715
Epoch23                             0.000000                        2,355.063715
Epoch24                             0.000000                        2,355.063715
Epoch25                             0.000000                        2,355.063715
Epoch26                             0.000000                        2,355.063715
Epoch27                             0.000000                        2,355.063715
Epoch28                             0.000000                        2,355.063715
Epoch29                             0.000000                        2,355.063715
Epoch30                             0.000000                        2,355.063715
Epoch31                             0.000000                        2,355.063715
