Epoch#                               Rewards                   Total(Cumulative)
Epoch0                          4,356.477061                        4,356.477061
Epoch1                              1.695476                        4,358.172537
Epoch2                              0.846074                        4,359.018611
Epoch3                              0.170373                        4,359.188983
Epoch4                              0.220412                        4,359.409396
Epoch5                              0.000000                        4,359.409396
Epoch6                              0.000000                        4,359.409396
Epoch7                              0.000000                        4,359.409396
Epoch8                              0.000000                        4,359.409396
Epoch9                              0.000000                        4,359.409396
Epoch10                             0.000000                        4,359.409396
Epoch11                             0.000000                        4,359.409396
Epoch12                             0.000000                        4,359.409396
Epoch13                             0.000000                        4,359.409396
Epoch14                             0.000000                        4,359.409396
Epoch15                             0.000000                        4,359.409396
Epoch16                             0.000000                        4,359.409396
Epoch17                             0.000000                        4,359.409396
Epoch18                             0.000000                        4,359.409396
Epoch19                             0.000000                        4,359.409396
Epoch20                             0.000000                        4,359.409396
Epoch21                             0.000000                        4,359.409396
Epoch22                             0.000000                        4,359.409396
Epoch23                             0.000000                        4,359.409396
Epoch24                             0.000000                        4,359.409396
Epoch25                             0.000000                        4,359.409396
Epoch26                             0.000000                        4,359.409396
Epoch27                             0.000000                        4,359.409396
Epoch28                             0.000000                        4,359.409396
