Epoch#                               Rewards                   Total(Cumulative)
Epoch0                          9,529.860000                        9,529.860000
Epoch1                              0.000000                        9,529.860000
Epoch2                              0.000000                        9,529.860000
Epoch3                              0.000000                        9,529.860000
Epoch4                            123.191753                        9,653.051753
Epoch5                            963.393975                       10,616.445729
Epoch6                            448.703095                       11,065.148824
Epoch7                            429.525567                       11,494.674391
Epoch8                            140.540616                       11,635.215007
Epoch9                            223.369440                       11,858.584448
Epoch10                            36.967408                       11,895.551856
Epoch11                           263.282013                       12,158.833869
Epoch12                             0.000000                       12,158.833869
Epoch13                             0.000000                       12,158.833869
Epoch14                             0.000000                       12,158.833869
Epoch15                             0.000000                       12,158.833869
Epoch16                             0.000000                       12,158.833869
Epoch17                             0.000000                       12,158.833869
Epoch18                             0.000000                       12,158.833869
Epoch19                             0.000000                       12,158.833869
Epoch20                             0.000000                       12,158.833869
Epoch21                             0.000000                       12,158.833869
Epoch22                             0.000000                       12,158.833869
Epoch23                             0.000000                       12,158.833869
Epoch24                             0.000000                       12,158.833869
Epoch25                             0.000000                       12,158.833869
Epoch26                             0.000000                       12,158.833869
Epoch27                             0.000000                       12,158.833869
Epoch28                             0.000000                       12,158.833869
Epoch29                             0.000000                       12,158.833869
Epoch30                             0.000000                       12,158.833869
Epoch31                             0.000000                       12,158.833869
