Epoch#                               Rewards                   Total(Cumulative)
Epoch0                          1,164.363778                        1,164.363778
Epoch1                              0.000000                        1,164.363778
Epoch2                              0.000000                        1,164.363778
Epoch3                              0.000000                        1,164.363778
Epoch4                              0.000000                        1,164.363778
Epoch5                              0.000000                        1,164.363778
Epoch6                              0.000000                        1,164.363778
Epoch7                              0.000000                        1,164.363778
Epoch8                              0.000000                        1,164.363778
Epoch9                              0.000000                        1,164.363778
Epoch10                             0.000000                        1,164.363778
Epoch11                             0.000000                        1,164.363778
Epoch12                             0.000000                        1,164.363778
Epoch13                             0.000000                        1,164.363778
Epoch14                             0.000000                        1,164.363778
Epoch15                             0.000000                        1,164.363778
Epoch16                             0.000000                        1,164.363778
