Epoch#                               Rewards                   Total(Cumulative)
Epoch0                          6,413.910000                        6,413.910000
Epoch1                            653.687328                        7,067.597328
Epoch2                             81.848518                        7,149.445847
Epoch3                             41.228374                        7,190.674221
Epoch4                            151.112900                        7,341.787121
Epoch5                            109.127931                        7,450.915051
Epoch6                             39.047927                        7,489.962979
Epoch7                            375.368420                        7,865.331399
Epoch8                            120.712659                        7,986.044057
Epoch9                             68.389837                        8,054.433894
Epoch10                             0.000000                        8,054.433894
Epoch11                             0.000000                        8,054.433894
Epoch12                             0.000000                        8,054.433894
Epoch13                             0.000000                        8,054.433894
Epoch14                             0.000000                        8,054.433894
Epoch15                             0.000000                        8,054.433894
Epoch16                             0.000000                        8,054.433894
