Epoch#                               Rewards                   Total(Cumulative)
Epoch0                          1,163.627948                        1,163.627948
Epoch1                              0.000000                        1,163.627948
Epoch2                              0.000000                        1,163.627948
Epoch3                              0.000000                        1,163.627948
Epoch4                              0.000000                        1,163.627948
Epoch5                              0.000000                        1,163.627948
Epoch6                              0.000000                        1,163.627948
Epoch7                              0.000000                        1,163.627948
Epoch8                              0.000000                        1,163.627948
Epoch9                              0.000000                        1,163.627948
Epoch10                             0.000000                        1,163.627948
Epoch11                             0.000000                        1,163.627948
Epoch12                             0.000000                        1,163.627948
Epoch13                             0.000000                        1,163.627948
Epoch14                             0.000000                        1,163.627948
Epoch15                             0.000000                        1,163.627948
Epoch16                             0.000000                        1,163.627948
Epoch17                             0.000000                        1,163.627948
