Epoch#                               Rewards                   Total(Cumulative)
Epoch0                          4,349.630000                        4,349.630000
Epoch1                              1.158371                        4,350.788371
Epoch2                              0.000000                        4,350.788371
Epoch3                              0.000000                        4,350.788371
Epoch4                              0.000000                        4,350.788371
Epoch5                              0.000000                        4,350.788371
Epoch6                              0.000000                        4,350.788371
Epoch7                              0.000000                        4,350.788371
Epoch8                              0.000000                        4,350.788371
Epoch9                              0.000000                        4,350.788371
Epoch10                             0.087594                        4,350.875965
Epoch11                             0.000000                        4,350.875965
Epoch12                             0.040362                        4,350.916327
Epoch13                             0.000000                        4,350.916327
Epoch14                             0.000000                        4,350.916327
Epoch15                             0.000000                        4,350.916327
Epoch16                             0.000000                        4,350.916327
Epoch17                             0.000000                        4,350.916327
Epoch18                             0.000000                        4,350.916327
Epoch19                             0.000000                        4,350.916327
Epoch20                             0.000000                        4,350.916327
Epoch21                             0.000000                        4,350.916327
Epoch22                             0.000000                        4,350.916327
Epoch23                             0.000000                        4,350.916327
Epoch24                             0.000000                        4,350.916327
Epoch25                             0.000000                        4,350.916327
Epoch26                             0.000000                        4,350.916327
Epoch27                             0.000000                        4,350.916327
Epoch28                             0.000000                        4,350.916327
Epoch29                             0.000000                        4,350.916327
