Epoch#                               Rewards                   Total(Cumulative)
Epoch0                          4,349.630000                        4,349.630000
Epoch1                              0.000000                        4,349.630000
Epoch2                              0.000000                        4,349.630000
Epoch3                              0.018957                        4,349.648957
Epoch4                              0.000000                        4,349.648957
Epoch5                              0.000000                        4,349.648957
Epoch6                              0.000000                        4,349.648957
Epoch7                              0.000000                        4,349.648957
Epoch8                              0.000000                        4,349.648957
Epoch9                              0.000000                        4,349.648957
Epoch10                             0.000000                        4,349.648957
Epoch11                             0.000000                        4,349.648957
Epoch12                             0.000000                        4,349.648957
Epoch13                             0.000000                        4,349.648957
Epoch14                             0.000000                        4,349.648957
Epoch15                             0.000000                        4,349.648957
Epoch16                             0.000000                        4,349.648957
