Epoch#                               Rewards                   Total(Cumulative)
Epoch0                          1,163.510000                        1,163.510000
Epoch1                            462.230925                        1,625.740925
Epoch2                            182.998080                        1,808.739005
Epoch3                            111.209440                        1,919.948445
Epoch4                            118.836534                        2,038.784979
Epoch5                             56.036928                        2,094.821908
Epoch6                            248.477223                        2,343.299130
Epoch7                              2.084575                        2,345.383705
Epoch8                              0.000000                        2,345.383705
Epoch9                              0.000000                        2,345.383705
Epoch10                             0.000000                        2,345.383705
Epoch11                            55.771533                        2,401.155238
Epoch12                            42.586609                        2,443.741847
Epoch13                           328.446917                        2,772.188763
Epoch14                             0.000000                        2,772.188763
Epoch15                             0.000000                        2,772.188763
Epoch16                             0.000000                        2,772.188763
Epoch17                             0.000000                        2,772.188763
Epoch18                             0.000000                        2,772.188763
Epoch19                             0.000000                        2,772.188763
Epoch20                             0.000000                        2,772.188763
Epoch21                             0.000000                        2,772.188763
Epoch22                             0.000000                        2,772.188763
Epoch23                             0.000000                        2,772.188763
Epoch24                             0.000000                        2,772.188763
Epoch25                             0.000000                        2,772.188763
Epoch26                             0.000000                        2,772.188763
Epoch27                             0.000000                        2,772.188763
Epoch28                             0.000000                        2,772.188763
Epoch29                             0.000000                        2,772.188763
Epoch30                             0.000000                        2,772.188763
