Epoch#                               Rewards                   Total(Cumulative)
Epoch0                          1,163.510000                        1,163.510000
Epoch1                              0.000000                        1,163.510000
Epoch2                              0.000000                        1,163.510000
Epoch3                              0.000000                        1,163.510000
Epoch4                              0.000000                        1,163.510000
Epoch5                              0.000000                        1,163.510000
Epoch6                              0.000000                        1,163.510000
Epoch7                              0.000000                        1,163.510000
Epoch8                              0.000000                        1,163.510000
Epoch9                              1.058598                        1,164.568598
Epoch10                             0.352305                        1,164.920903
Epoch11                             2.614785                        1,167.535688
Epoch12                             1.263032                        1,168.798721
Epoch13                             0.000000                        1,168.798721
Epoch14                             0.000000                        1,168.798721
Epoch15                             0.000000                        1,168.798721
Epoch16                             0.000000                        1,168.798721
Epoch17                             0.000000                        1,168.798721
Epoch18                             0.000000                        1,168.798721
Epoch19                             0.000000                        1,168.798721
Epoch20                             0.000000                        1,168.798721
Epoch21                             0.000000                        1,168.798721
Epoch22                             0.000000                        1,168.798721
Epoch23                             0.000000                        1,168.798721
Epoch24                             0.000000                        1,168.798721
Epoch25                             0.000000                        1,168.798721
Epoch26                             0.000000                        1,168.798721
Epoch27                             0.000000                        1,168.798721
Epoch28                             0.000000                        1,168.798721
