Epoch#                               Rewards                   Total(Cumulative)
Epoch0                          7,593.597849                        7,593.597849
Epoch1                            165.786053                        7,759.383903
Epoch2                            107.951166                        7,867.335069
Epoch3                            226.067862                        8,093.402931
Epoch4                            261.208185                        8,354.611116
Epoch5                            309.031883                        8,663.642999
Epoch6                            192.733249                        8,856.376248
Epoch7                            259.772402                        9,116.148650
Epoch8                             39.250338                        9,155.398988
Epoch9                             17.808233                        9,173.207221
Epoch10                             1.136194                        9,174.343414
Epoch11                           174.033137                        9,348.376551
Epoch12                           105.477270                        9,453.853821
Epoch13                             0.000000                        9,453.853821
Epoch14                             0.000000                        9,453.853821
Epoch15                             0.000000                        9,453.853821
Epoch16                             0.000000                        9,453.853821
Epoch17                             0.000000                        9,453.853821
Epoch18                             0.000000                        9,453.853821
Epoch19                             0.000000                        9,453.853821
Epoch20                             0.000000                        9,453.853821
Epoch21                             0.000000                        9,453.853821
Epoch22                             0.000000                        9,453.853821
Epoch23                             0.000000                        9,453.853821
Epoch24                             0.000000                        9,453.853821
Epoch25                             0.000000                        9,453.853821
Epoch26                             0.000000                        9,453.853821
Epoch27                             0.000000                        9,453.853821
