Epoch#                               Rewards                   Total(Cumulative)
Epoch0                          4,357.625260                        4,357.625260
Epoch1                              0.000000                        4,357.625260
Epoch2                              2.676887                        4,360.302148
Epoch3                              0.000000                        4,360.302148
Epoch4                              0.000000                        4,360.302148
Epoch5                              0.000000                        4,360.302148
Epoch6                              0.000000                        4,360.302148
Epoch7                              0.000000                        4,360.302148
Epoch8                              0.000000                        4,360.302148
Epoch9                              0.000000                        4,360.302148
Epoch10                             0.000000                        4,360.302148
Epoch11                             0.000000                        4,360.302148
Epoch12                             0.000000                        4,360.302148
Epoch13                             0.000000                        4,360.302148
Epoch14                             0.000000                        4,360.302148
Epoch15                             0.000000                        4,360.302148
Epoch16                             0.000000                        4,360.302148
