Epoch#                               Rewards                   Total(Cumulative)
Epoch0                          1,163.541345                        1,163.541345
Epoch1                              0.013285                        1,163.554630
Epoch2                              0.000000                        1,163.554630
Epoch3                              0.000000                        1,163.554630
Epoch4                              0.036930                        1,163.591560
Epoch5                              0.000000                        1,163.591560
Epoch6                              0.086451                        1,163.678011
Epoch7                              0.000000                        1,163.678011
Epoch8                              0.000000                        1,163.678011
Epoch9                              0.000000                        1,163.678011
Epoch10                             0.000000                        1,163.678011
Epoch11                             0.000000                        1,163.678011
Epoch12                             0.000000                        1,163.678011
Epoch13                             0.000000                        1,163.678011
Epoch14                             0.000000                        1,163.678011
Epoch15                             0.000000                        1,163.678011
