Epoch#                               Rewards                   Total(Cumulative)
Epoch0                          1,164.265771                        1,164.265771
Epoch1                              0.000000                        1,164.265771
Epoch2                              0.000000                        1,164.265771
Epoch3                              0.000000                        1,164.265771
Epoch4                              0.000000                        1,164.265771
Epoch5                              0.000000                        1,164.265771
Epoch6                              0.000000                        1,164.265771
Epoch7                              0.000000                        1,164.265771
Epoch8                              0.000000                        1,164.265771
Epoch9                              0.000000                        1,164.265771
Epoch10                             0.000000                        1,164.265771
Epoch11                             0.000000                        1,164.265771
Epoch12                             0.000000                        1,164.265771
Epoch13                             0.000000                        1,164.265771
Epoch14                             0.000000                        1,164.265771
Epoch15                             0.000000                        1,164.265771
Epoch16                             0.000000                        1,164.265771
Epoch17                             0.000000                        1,164.265771
Epoch18                             0.000000                        1,164.265771
Epoch19                             0.000000                        1,164.265771
Epoch20                             0.000000                        1,164.265771
Epoch21                             0.000000                        1,164.265771
Epoch22                             0.000000                        1,164.265771
Epoch23                             0.000000                        1,164.265771
Epoch24                             0.000000                        1,164.265771
Epoch25                             0.000000                        1,164.265771
Epoch26                             0.000000                        1,164.265771
Epoch27                             0.000000                        1,164.265771
Epoch28                             0.000000                        1,164.265771
