Epoch#                               Rewards                   Total(Cumulative)
Epoch0                          6,434.746001                        6,434.746001
Epoch1                              0.115977                        6,434.861978
Epoch2                              0.000000                        6,434.861978
Epoch3                              0.000000                        6,434.861978
Epoch4                              0.000000                        6,434.861978
Epoch5                              0.000000                        6,434.861978
Epoch6                              0.000000                        6,434.861978
Epoch7                              0.000000                        6,434.861978
Epoch8                              0.000000                        6,434.861978
Epoch9                              0.000000                        6,434.861978
Epoch10                             0.000000                        6,434.861978
Epoch11                             0.000000                        6,434.861978
Epoch12                             0.000000                        6,434.861978
Epoch13                             0.000000                        6,434.861978
Epoch14                             0.000000                        6,434.861978
Epoch15                             0.000000                        6,434.861978
