Epoch#                               Rewards                   Total(Cumulative)
Epoch0                          1,163.510000                        1,163.510000
Epoch1                              0.000000                        1,163.510000
Epoch2                              0.130756                        1,163.640756
Epoch3                              0.000000                        1,163.640756
Epoch4                              0.000000                        1,163.640756
Epoch5                              0.000000                        1,163.640756
Epoch6                              0.000000                        1,163.640756
Epoch7                              0.000000                        1,163.640756
Epoch8                              0.000000                        1,163.640756
Epoch9                             12.796251                        1,176.437007
Epoch10                             3.713766                        1,180.150772
Epoch11                             0.000000                        1,180.150772
Epoch12                             2.304052                        1,182.454825
Epoch13                             0.000000                        1,182.454825
Epoch14                             0.000000                        1,182.454825
Epoch15                             0.000000                        1,182.454825
Epoch16                             0.000000                        1,182.454825
