Epoch#                               Rewards                   Total(Cumulative)
Epoch0                              0.000000                            0.000000
Epoch1                          1,237.049414                        1,237.049414
Epoch2                              1.926397                        1,238.975811
Epoch3                              0.000000                        1,238.975811
Epoch4                              0.000000                        1,238.975811
Epoch5                              0.000000                        1,238.975811
Epoch6                              0.000000                        1,238.975811
Epoch7                              0.000000                        1,238.975811
Epoch8                              0.000000                        1,238.975811
Epoch9                              0.000000                        1,238.975811
Epoch10                             0.000000                        1,238.975811
Epoch11                             0.000000                        1,238.975811
Epoch12                             0.000000                        1,238.975811
Epoch13                             0.000000                        1,238.975811
Epoch14                             0.000000                        1,238.975811
Epoch15                             0.000000                        1,238.975811
