Epoch#                               Rewards                   Total(Cumulative)
Epoch0                          1,163.568870                        1,163.568870
Epoch1                              0.000000                        1,163.568870
Epoch2                              0.000000                        1,163.568870
Epoch3                              0.000000                        1,163.568870
Epoch4                              0.000000                        1,163.568870
Epoch5                              0.000000                        1,163.568870
Epoch6                              0.000000                        1,163.568870
Epoch7                              0.000000                        1,163.568870
Epoch8                              0.000000                        1,163.568870
Epoch9                              0.000000                        1,163.568870
Epoch10                             0.000000                        1,163.568870
Epoch11                             0.000000                        1,163.568870
Epoch12                             0.000000                        1,163.568870
Epoch13                             0.000000                        1,163.568870
Epoch14                             0.000000                        1,163.568870
Epoch15                             0.000000                        1,163.568870
Epoch16                             0.000000                        1,163.568870
Epoch17                             0.000000                        1,163.568870
Epoch18                             0.000000                        1,163.568870
Epoch19                             0.000000                        1,163.568870
Epoch20                             0.000000                        1,163.568870
Epoch21                             0.000000                        1,163.568870
Epoch22                             0.000000                        1,163.568870
Epoch23                             0.000000                        1,163.568870
Epoch24                             0.000000                        1,163.568870
Epoch25                             0.000000                        1,163.568870
Epoch26                             0.000000                        1,163.568870
Epoch27                             0.000000                        1,163.568870
Epoch28                             0.000000                        1,163.568870
