Epoch#                               Rewards                   Total(Cumulative)
Epoch0                          1,163.510000                        1,163.510000
Epoch1                              0.000000                        1,163.510000
Epoch2                              0.043305                        1,163.553305
Epoch3                              0.000000                        1,163.553305
Epoch4                              0.000000                        1,163.553305
Epoch5                              0.000000                        1,163.553305
Epoch6                              0.000000                        1,163.553305
Epoch7                              0.000000                        1,163.553305
Epoch8                              0.000000                        1,163.553305
Epoch9                              0.000000                        1,163.553305
Epoch10                             0.000000                        1,163.553305
Epoch11                             0.000000                        1,163.553305
Epoch12                             0.000000                        1,163.553305
Epoch13                             0.000000                        1,163.553305
Epoch14                             0.000000                        1,163.553305
