Epoch#                               Rewards                   Total(Cumulative)
Epoch0                          1,178.045689                        1,178.045689
Epoch1                              5.094698                        1,183.140387
Epoch2                              6.422410                        1,189.562797
Epoch3                             15.068776                        1,204.631573
Epoch4                              4.866259                        1,209.497832
Epoch5                              1.795926                        1,211.293759
Epoch6                              0.000000                        1,211.293759
Epoch7                              0.000000                        1,211.293759
Epoch8                              0.000000                        1,211.293759
Epoch9                              0.000000                        1,211.293759
Epoch10                             0.000000                        1,211.293759
Epoch11                             0.000000                        1,211.293759
Epoch12                             0.000000                        1,211.293759
Epoch13                             0.000000                        1,211.293759
Epoch14                             0.000000                        1,211.293759
Epoch15                             0.000000                        1,211.293759
Epoch16                             0.000000                        1,211.293759
Epoch17                             0.000000                        1,211.293759
Epoch18                             0.000000                        1,211.293759
Epoch19                             0.000000                        1,211.293759
Epoch20                             0.000000                        1,211.293759
Epoch21                             0.000000                        1,211.293759
Epoch22                             0.000000                        1,211.293759
Epoch23                             0.000000                        1,211.293759
Epoch24                             0.000000                        1,211.293759
Epoch25                             0.000000                        1,211.293759
Epoch26                             0.000000                        1,211.293759
Epoch27                             0.000000                        1,211.293759
Epoch28                             0.000000                        1,211.293759
Epoch29                             0.000000                        1,211.293759
Epoch30                             0.000000                        1,211.293759
Epoch31                             0.000000                        1,211.293759
