Epoch#                               Rewards                   Total(Cumulative)
Epoch0                          1,208.180125                        1,208.180125
Epoch1                              0.000000                        1,208.180125
Epoch2                              0.000000                        1,208.180125
Epoch3                              0.000000                        1,208.180125
Epoch4                              0.000000                        1,208.180125
Epoch5                              0.000000                        1,208.180125
Epoch6                              0.000000                        1,208.180125
Epoch7                              0.000000                        1,208.180125
Epoch8                              0.657564                        1,208.837689
Epoch9                              0.000000                        1,208.837689
Epoch10                             0.000000                        1,208.837689
Epoch11                             0.000000                        1,208.837689
Epoch12                             0.000000                        1,208.837689
Epoch13                             0.000000                        1,208.837689
Epoch14                             0.000000                        1,208.837689
Epoch15                             0.000000                        1,208.837689
