Epoch#                               Rewards                   Total(Cumulative)
Epoch0                          1,163.538467                        1,163.538467
Epoch1                              0.000000                        1,163.538467
Epoch2                              0.000000                        1,163.538467
Epoch3                              0.000000                        1,163.538467
Epoch4                              0.000000                        1,163.538467
Epoch5                              0.000000                        1,163.538467
Epoch6                              0.000000                        1,163.538467
Epoch7                              0.000000                        1,163.538467
Epoch8                              0.000000                        1,163.538467
Epoch9                              0.000000                        1,163.538467
Epoch10                             0.000000                        1,163.538467
Epoch11                             0.000000                        1,163.538467
Epoch12                             0.000000                        1,163.538467
Epoch13                             0.000000                        1,163.538467
Epoch14                             0.000000                        1,163.538467
Epoch15                             0.000000                        1,163.538467
