Epoch#                               Rewards                   Total(Cumulative)
Epoch0                          1,231.597736                        1,231.597736
Epoch1                              0.000000                        1,231.597736
Epoch2                              0.518880                        1,232.116616
Epoch3                              0.000000                        1,232.116616
Epoch4                              0.000000                        1,232.116616
Epoch5                              0.000000                        1,232.116616
Epoch6                              0.000000                        1,232.116616
Epoch7                              0.000000                        1,232.116616
Epoch8                              0.000000                        1,232.116616
Epoch9                              0.000000                        1,232.116616
Epoch10                             0.000000                        1,232.116616
Epoch11                             0.000000                        1,232.116616
Epoch12                             0.000000                        1,232.116616
Epoch13                             0.000000                        1,232.116616
Epoch14                             0.000000                        1,232.116616
Epoch15                             0.000000                        1,232.116616
Epoch16                             0.000000                        1,232.116616
Epoch17                             0.000000                        1,232.116616
Epoch18                             0.000000                        1,232.116616
Epoch19                             0.000000                        1,232.116616
Epoch20                             0.000000                        1,232.116616
Epoch21                             0.000000                        1,232.116616
Epoch22                             0.000000                        1,232.116616
Epoch23                             0.000000                        1,232.116616
Epoch24                             0.000000                        1,232.116616
Epoch25                             0.000000                        1,232.116616
Epoch26                             0.000000                        1,232.116616
Epoch27                             0.000000                        1,232.116616
Epoch28                             0.000000                        1,232.116616
Epoch29                             0.000000                        1,232.116616
Epoch30                             0.000000                        1,232.116616
Epoch31                             0.000000                        1,232.116616
