Epoch#                               Rewards                   Total(Cumulative)
Epoch0                          1,166.351814                        1,166.351814
Epoch1                              0.000000                        1,166.351814
Epoch2                              0.000000                        1,166.351814
Epoch3                              0.000000                        1,166.351814
Epoch4                              0.000000                        1,166.351814
Epoch5                              0.000000                        1,166.351814
Epoch6                              0.000000                        1,166.351814
Epoch7                              0.000000                        1,166.351814
Epoch8                              0.000000                        1,166.351814
Epoch9                              0.000000                        1,166.351814
Epoch10                             0.000000                        1,166.351814
Epoch11                             0.000000                        1,166.351814
Epoch12                             0.000000                        1,166.351814
Epoch13                             0.000000                        1,166.351814
Epoch14                             0.000000                        1,166.351814
Epoch15                             0.000000                        1,166.351814
Epoch16                             0.000000                        1,166.351814
Epoch17                             0.000000                        1,166.351814
Epoch18                             0.000000                        1,166.351814
Epoch19                             0.000000                        1,166.351814
Epoch20                             0.000000                        1,166.351814
Epoch21                             0.000000                        1,166.351814
Epoch22                             0.000000                        1,166.351814
Epoch23                             0.000000                        1,166.351814
Epoch24                             0.000000                        1,166.351814
Epoch25                             0.000000                        1,166.351814
Epoch26                             0.000000                        1,166.351814
Epoch27                             0.000000                        1,166.351814
Epoch28                             0.000000                        1,166.351814
