Epoch#                               Rewards                   Total(Cumulative)
Epoch0                              0.000000                            0.000000
Epoch1                            721.831686                          721.831686
Epoch2                            593.494724                        1,315.326410
Epoch3                             20.920190                        1,336.246600
Epoch4                              0.000000                        1,336.246600
Epoch5                              0.000000                        1,336.246600
Epoch6                              0.000000                        1,336.246600
Epoch7                              0.000000                        1,336.246600
Epoch8                              0.000000                        1,336.246600
Epoch9                              0.000000                        1,336.246600
Epoch10                             0.000000                        1,336.246600
Epoch11                             0.000000                        1,336.246600
Epoch12                             0.000000                        1,336.246600
Epoch13                             0.000000                        1,336.246600
Epoch14                             0.000000                        1,336.246600
Epoch15                             0.000000                        1,336.246600
Epoch16                             0.000000                        1,336.246600
