Epoch#                               Rewards                   Total(Cumulative)
Epoch0                          1,164.094870                        1,164.094870
Epoch1                              0.000000                        1,164.094870
Epoch2                              0.000000                        1,164.094870
Epoch3                              0.000000                        1,164.094870
Epoch4                              0.000000                        1,164.094870
Epoch5                              0.000000                        1,164.094870
Epoch6                              0.000000                        1,164.094870
Epoch7                              0.000000                        1,164.094870
Epoch8                              0.000000                        1,164.094870
Epoch9                              0.000000                        1,164.094870
Epoch10                             0.000000                        1,164.094870
Epoch11                             0.000000                        1,164.094870
Epoch12                             0.000000                        1,164.094870
Epoch13                             0.000000                        1,164.094870
Epoch14                             0.000000                        1,164.094870
Epoch15                             0.000000                        1,164.094870
Epoch16                             0.000000                        1,164.094870
Epoch17                             0.000000                        1,164.094870
Epoch18                             0.000000                        1,164.094870
Epoch19                             0.000000                        1,164.094870
Epoch20                             0.000000                        1,164.094870
Epoch21                             0.000000                        1,164.094870
Epoch22                             0.000000                        1,164.094870
Epoch23                             0.000000                        1,164.094870
Epoch24                             0.000000                        1,164.094870
Epoch25                             0.000000                        1,164.094870
Epoch26                             0.000000                        1,164.094870
Epoch27                             0.000000                        1,164.094870
Epoch28                             0.000000                        1,164.094870
Epoch29                             0.000000                        1,164.094870
