Epoch#                               Rewards                   Total(Cumulative)
Epoch0                          1,612.679152                        1,612.679152
Epoch1                              0.000000                        1,612.679152
Epoch2                              0.000000                        1,612.679152
Epoch3                              0.000000                        1,612.679152
Epoch4                              0.000000                        1,612.679152
Epoch5                              0.000000                        1,612.679152
Epoch6                              0.000000                        1,612.679152
Epoch7                              0.000000                        1,612.679152
Epoch8                              0.000000                        1,612.679152
Epoch9                              0.000000                        1,612.679152
Epoch10                             0.000000                        1,612.679152
Epoch11                             0.000000                        1,612.679152
Epoch12                             0.000000                        1,612.679152
Epoch13                             0.000000                        1,612.679152
Epoch14                             0.000000                        1,612.679152
Epoch15                             0.000000                        1,612.679152
Epoch16                             0.000000                        1,612.679152
Epoch17                             0.000000                        1,612.679152
Epoch18                             0.000000                        1,612.679152
Epoch19                             0.000000                        1,612.679152
Epoch20                             0.000000                        1,612.679152
Epoch21                             0.000000                        1,612.679152
Epoch22                             0.000000                        1,612.679152
Epoch23                             0.000000                        1,612.679152
Epoch24                             0.000000                        1,612.679152
Epoch25                             0.000000                        1,612.679152
Epoch26                             0.000000                        1,612.679152
Epoch27                             0.000000                        1,612.679152
Epoch28                             0.000000                        1,612.679152
Epoch29                             0.000000                        1,612.679152
