Epoch#                               Rewards                   Total(Cumulative)
Epoch0                          4,350.128474                        4,350.128474
Epoch1                              0.000000                        4,350.128474
Epoch2                              0.000000                        4,350.128474
Epoch3                              0.000000                        4,350.128474
Epoch4                              0.000000                        4,350.128474
Epoch5                              0.000000                        4,350.128474
Epoch6                              0.000000                        4,350.128474
Epoch7                              0.000000                        4,350.128474
Epoch8                              0.000000                        4,350.128474
Epoch9                              0.000000                        4,350.128474
Epoch10                             0.000000                        4,350.128474
Epoch11                             0.000000                        4,350.128474
Epoch12                             0.000000                        4,350.128474
Epoch13                             0.000000                        4,350.128474
Epoch14                             0.000000                        4,350.128474
Epoch15                             0.000000                        4,350.128474
