Epoch#                               Rewards                   Total(Cumulative)
Epoch0                          1,164.312871                        1,164.312871
Epoch1                              0.000000                        1,164.312871
Epoch2                              0.000000                        1,164.312871
Epoch3                              0.000000                        1,164.312871
Epoch4                              0.000000                        1,164.312871
Epoch5                              0.000000                        1,164.312871
Epoch6                              0.000000                        1,164.312871
Epoch7                              0.000000                        1,164.312871
Epoch8                              0.000000                        1,164.312871
Epoch9                              0.000000                        1,164.312871
Epoch10                             0.000000                        1,164.312871
Epoch11                             0.000000                        1,164.312871
Epoch12                             0.000000                        1,164.312871
Epoch13                             0.000000                        1,164.312871
Epoch14                             0.000000                        1,164.312871
