Epoch#                               Rewards                   Total(Cumulative)
Epoch0                          1,168.780940                        1,168.780940
Epoch1                              0.644494                        1,169.425434
Epoch2                              0.725086                        1,170.150520
Epoch3                              0.948008                        1,171.098528
Epoch4                              2.972414                        1,174.070942
Epoch5                              0.373761                        1,174.444704
Epoch6                              0.076300                        1,174.521004
Epoch7                              0.024325                        1,174.545330
Epoch8                              0.131832                        1,174.677162
Epoch9                              0.000000                        1,174.677162
Epoch10                             0.000000                        1,174.677162
Epoch11                             0.000000                        1,174.677162
Epoch12                             0.226545                        1,174.903707
Epoch13                             0.000000                        1,174.903707
Epoch14                             0.000000                        1,174.903707
