Epoch#                               Rewards                   Total(Cumulative)
Epoch0                          1,169.023709                        1,169.023709
Epoch1                              0.000000                        1,169.023709
Epoch2                              0.000000                        1,169.023709
Epoch3                              0.000000                        1,169.023709
Epoch4                              0.000000                        1,169.023709
Epoch5                              0.000000                        1,169.023709
Epoch6                              0.000000                        1,169.023709
Epoch7                              0.000000                        1,169.023709
Epoch8                              0.000000                        1,169.023709
Epoch9                              0.000000                        1,169.023709
Epoch10                             0.000000                        1,169.023709
Epoch11                             0.000000                        1,169.023709
Epoch12                             0.000000                        1,169.023709
Epoch13                             0.000000                        1,169.023709
Epoch14                             0.000000                        1,169.023709
Epoch15                             0.000000                        1,169.023709
Epoch16                             0.000000                        1,169.023709
Epoch17                             0.000000                        1,169.023709
Epoch18                             0.000000                        1,169.023709
Epoch19                             0.000000                        1,169.023709
Epoch20                             0.000000                        1,169.023709
Epoch21                             0.000000                        1,169.023709
Epoch22                             0.000000                        1,169.023709
Epoch23                             0.000000                        1,169.023709
Epoch24                             0.000000                        1,169.023709
Epoch25                             0.000000                        1,169.023709
Epoch26                             0.000000                        1,169.023709
Epoch27                             0.000000                        1,169.023709
