Epoch#                               Rewards                   Total(Cumulative)
Epoch0                          1,267.985061                        1,267.985061
Epoch1                             19.487801                        1,287.472862
Epoch2                              6.212556                        1,293.685418
Epoch3                              7.064227                        1,300.749646
Epoch4                              3.382074                        1,304.131719
Epoch5                              0.000000                        1,304.131719
Epoch6                              0.000000                        1,304.131719
Epoch7                              0.000000                        1,304.131719
Epoch8                              0.000000                        1,304.131719
Epoch9                              0.000000                        1,304.131719
Epoch10                             0.000000                        1,304.131719
Epoch11                             0.000000                        1,304.131719
Epoch12                             0.000000                        1,304.131719
Epoch13                             0.000000                        1,304.131719
Epoch14                             0.000000                        1,304.131719
Epoch15                             0.000000                        1,304.131719
Epoch16                             0.000000                        1,304.131719
Epoch17                             0.000000                        1,304.131719
Epoch18                             0.000000                        1,304.131719
Epoch19                             0.000000                        1,304.131719
Epoch20                             0.000000                        1,304.131719
Epoch21                             0.000000                        1,304.131719
Epoch22                             0.000000                        1,304.131719
Epoch23                             0.000000                        1,304.131719
Epoch24                             0.000000                        1,304.131719
Epoch25                             0.000000                        1,304.131719
Epoch26                             0.000000                        1,304.131719
Epoch27                             0.000000                        1,304.131719
Epoch28                             0.000000                        1,304.131719
Epoch29                             0.000000                        1,304.131719
Epoch30                             0.000000                        1,304.131719
