Epoch#                               Rewards                   Total(Cumulative)
Epoch0                          1,248.337805                        1,248.337805
Epoch1                              0.000000                        1,248.337805
Epoch2                              0.000000                        1,248.337805
Epoch3                             48.241230                        1,296.579035
Epoch4                              0.000000                        1,296.579035
Epoch5                              0.000000                        1,296.579035
Epoch6                              0.000000                        1,296.579035
Epoch7                              0.000000                        1,296.579035
Epoch8                              0.000000                        1,296.579035
Epoch9                              0.000000                        1,296.579035
Epoch10                             0.000000                        1,296.579035
Epoch11                             0.000000                        1,296.579035
Epoch12                             0.000000                        1,296.579035
Epoch13                             0.000000                        1,296.579035
Epoch14                             0.000000                        1,296.579035
Epoch15                             0.000000                        1,296.579035
Epoch16                             0.000000                        1,296.579035
Epoch17                             0.000000                        1,296.579035
