Epoch#                               Rewards                   Total(Cumulative)
Epoch0                          6,416.485443                        6,416.485443
Epoch1                              0.000000                        6,416.485443
Epoch2                              0.442561                        6,416.928004
Epoch3                              0.000000                        6,416.928004
Epoch4                              0.000000                        6,416.928004
Epoch5                              0.000000                        6,416.928004
Epoch6                              0.000000                        6,416.928004
Epoch7                              0.000000                        6,416.928004
Epoch8                              0.000000                        6,416.928004
Epoch9                              0.000000                        6,416.928004
Epoch10                             0.000000                        6,416.928004
Epoch11                             0.000000                        6,416.928004
Epoch12                             0.000000                        6,416.928004
Epoch13                             0.000000                        6,416.928004
Epoch14                             0.000000                        6,416.928004
