Epoch#                               Rewards                   Total(Cumulative)
Epoch0                          4,349.630000                        4,349.630000
Epoch1                              0.000000                        4,349.630000
Epoch2                              0.000000                        4,349.630000
Epoch3                              0.000000                        4,349.630000
Epoch4                              0.000000                        4,349.630000
Epoch5                              0.000000                        4,349.630000
Epoch6                              0.000000                        4,349.630000
Epoch7                              0.000000                        4,349.630000
Epoch8                              0.000000                        4,349.630000
Epoch9                             12.941746                        4,362.571746
Epoch10                             0.000000                        4,362.571746
Epoch11                             0.000000                        4,362.571746
Epoch12                             0.000000                        4,362.571746
Epoch13                             0.000000                        4,362.571746
Epoch14                             0.000000                        4,362.571746
