Epoch#                               Rewards                   Total(Cumulative)
Epoch0                          1,167.352824                        1,167.352824
Epoch1                              0.000000                        1,167.352824
Epoch2                              0.000000                        1,167.352824
Epoch3                              0.000000                        1,167.352824
Epoch4                              0.000000                        1,167.352824
Epoch5                              0.000000                        1,167.352824
Epoch6                              0.000000                        1,167.352824
Epoch7                              0.000000                        1,167.352824
Epoch8                              0.000000                        1,167.352824
Epoch9                              0.000000                        1,167.352824
Epoch10                             0.000000                        1,167.352824
Epoch11                             0.000000                        1,167.352824
Epoch12                             0.000000                        1,167.352824
Epoch13                             0.000000                        1,167.352824
Epoch14                             0.000000                        1,167.352824
Epoch15                             0.000000                        1,167.352824
Epoch16                             0.000000                        1,167.352824
Epoch17                             0.000000                        1,167.352824
Epoch18                             0.000000                        1,167.352824
Epoch19                             0.000000                        1,167.352824
Epoch20                             0.000000                        1,167.352824
Epoch21                             0.000000                        1,167.352824
Epoch22                             0.000000                        1,167.352824
Epoch23                             0.000000                        1,167.352824
Epoch24                             0.000000                        1,167.352824
Epoch25                             0.000000                        1,167.352824
Epoch26                             0.000000                        1,167.352824
Epoch27                             0.000000                        1,167.352824
