Epoch#                               Rewards                   Total(Cumulative)
Epoch0                          9,562.756432                        9,562.756432
Epoch1                              0.000000                        9,562.756432
Epoch2                              0.000000                        9,562.756432
Epoch3                              0.000000                        9,562.756432
Epoch4                              0.000000                        9,562.756432
Epoch5                              0.000000                        9,562.756432
Epoch6                              0.000000                        9,562.756432
Epoch7                              0.000000                        9,562.756432
Epoch8                              0.000000                        9,562.756432
Epoch9                              0.000000                        9,562.756432
Epoch10                             0.000000                        9,562.756432
Epoch11                             0.000000                        9,562.756432
Epoch12                             0.000000                        9,562.756432
Epoch13                             0.000000                        9,562.756432
Epoch14                             0.000000                        9,562.756432
Epoch15                             0.000000                        9,562.756432
Epoch16                             0.000000                        9,562.756432
Epoch17                             0.000000                        9,562.756432
