Epoch#                               Rewards                   Total(Cumulative)
Epoch0                          1,380.868775                        1,380.868775
Epoch1                            392.393005                        1,773.261780
Epoch2                            157.974718                        1,931.236498
Epoch3                             43.945889                        1,975.182388
Epoch4                              0.000000                        1,975.182388
Epoch5                              0.000000                        1,975.182388
Epoch6                              0.000000                        1,975.182388
Epoch7                              0.000000                        1,975.182388
Epoch8                              0.000000                        1,975.182388
Epoch9                              0.000000                        1,975.182388
Epoch10                             0.000000                        1,975.182388
Epoch11                             0.000000                        1,975.182388
Epoch12                             0.000000                        1,975.182388
Epoch13                             0.000000                        1,975.182388
Epoch14                             0.000000                        1,975.182388
Epoch15                             0.000000                        1,975.182388
