Epoch#                               Rewards                   Total(Cumulative)
Epoch0                          4,415.149309                        4,415.149309
Epoch1                              0.000000                        4,415.149309
Epoch2                              0.000000                        4,415.149309
Epoch3                              0.000000                        4,415.149309
Epoch4                              0.000000                        4,415.149309
Epoch5                              0.000000                        4,415.149309
Epoch6                              0.000000                        4,415.149309
Epoch7                              0.000000                        4,415.149309
Epoch8                              0.000000                        4,415.149309
Epoch9                              0.000000                        4,415.149309
Epoch10                             0.000000                        4,415.149309
Epoch11                             0.000000                        4,415.149309
Epoch12                             0.000000                        4,415.149309
Epoch13                             0.000000                        4,415.149309
Epoch14                             0.000000                        4,415.149309
Epoch15                             0.000000                        4,415.149309
Epoch16                             0.000000                        4,415.149309
