Epoch#                               Rewards                   Total(Cumulative)
Epoch0                          1,164.938847                        1,164.938847
Epoch1                              0.000000                        1,164.938847
Epoch2                              0.000000                        1,164.938847
Epoch3                              0.000000                        1,164.938847
Epoch4                              0.000000                        1,164.938847
Epoch5                              0.000000                        1,164.938847
Epoch6                              0.000000                        1,164.938847
Epoch7                              0.000000                        1,164.938847
Epoch8                              0.000000                        1,164.938847
Epoch9                              0.000000                        1,164.938847
Epoch10                             0.000000                        1,164.938847
Epoch11                             0.000000                        1,164.938847
Epoch12                             0.000000                        1,164.938847
Epoch13                             0.000000                        1,164.938847
Epoch14                             0.000000                        1,164.938847
Epoch15                             0.000000                        1,164.938847
Epoch16                             0.000000                        1,164.938847
Epoch17                             0.000000                        1,164.938847
Epoch18                             0.000000                        1,164.938847
Epoch19                             0.000000                        1,164.938847
Epoch20                             0.000000                        1,164.938847
Epoch21                             0.000000                        1,164.938847
Epoch22                             0.000000                        1,164.938847
Epoch23                             0.000000                        1,164.938847
Epoch24                             0.000000                        1,164.938847
Epoch25                             0.000000                        1,164.938847
Epoch26                             0.000000                        1,164.938847
Epoch27                             0.000000                        1,164.938847
Epoch28                             0.000000                        1,164.938847
Epoch29                             0.000000                        1,164.938847
