Epoch#                               Rewards                   Total(Cumulative)
Epoch0                          1,235.441540                        1,235.441540
Epoch1                              0.000000                        1,235.441540
Epoch2                              0.000000                        1,235.441540
Epoch3                              0.000000                        1,235.441540
Epoch4                              0.000000                        1,235.441540
Epoch5                              0.000000                        1,235.441540
Epoch6                              0.000000                        1,235.441540
Epoch7                              0.000000                        1,235.441540
Epoch8                              0.000000                        1,235.441540
Epoch9                              0.000000                        1,235.441540
Epoch10                             0.000000                        1,235.441540
Epoch11                             0.000000                        1,235.441540
Epoch12                             0.000000                        1,235.441540
Epoch13                             0.000000                        1,235.441540
Epoch14                             0.000000                        1,235.441540
Epoch15                             0.000000                        1,235.441540
Epoch16                             0.000000                        1,235.441540
