Epoch#                               Rewards                   Total(Cumulative)
Epoch0                          6,427.311306                        6,427.311306
Epoch1                             14.307407                        6,441.618713
Epoch2                              0.000000                        6,441.618713
Epoch3                              0.000000                        6,441.618713
Epoch4                              0.000000                        6,441.618713
Epoch5                              0.000000                        6,441.618713
Epoch6                              0.000000                        6,441.618713
Epoch7                              0.000000                        6,441.618713
Epoch8                              0.000000                        6,441.618713
Epoch9                              0.000000                        6,441.618713
Epoch10                             0.000000                        6,441.618713
Epoch11                             0.000000                        6,441.618713
Epoch12                             0.000000                        6,441.618713
Epoch13                             0.000000                        6,441.618713
Epoch14                             0.000000                        6,441.618713
Epoch15                             0.000000                        6,441.618713
