Epoch#                               Rewards                   Total(Cumulative)
Epoch0                          1,163.976808                        1,163.976808
Epoch1                              0.000000                        1,163.976808
Epoch2                              0.000000                        1,163.976808
Epoch3                              0.000000                        1,163.976808
Epoch4                              0.000000                        1,163.976808
Epoch5                              0.000000                        1,163.976808
Epoch6                              0.000000                        1,163.976808
Epoch7                              0.000000                        1,163.976808
Epoch8                              0.000000                        1,163.976808
Epoch9                              0.000000                        1,163.976808
Epoch10                             0.000000                        1,163.976808
Epoch11                             0.000000                        1,163.976808
Epoch12                             0.000000                        1,163.976808
Epoch13                             0.000000                        1,163.976808
Epoch14                             0.000000                        1,163.976808
