Epoch#                               Rewards                   Total(Cumulative)
Epoch0                          4,353.354077                        4,353.354077
Epoch1                              0.184222                        4,353.538299
Epoch2                              0.000000                        4,353.538299
Epoch3                              0.000000                        4,353.538299
Epoch4                              0.000000                        4,353.538299
Epoch5                              0.000000                        4,353.538299
Epoch6                              0.000000                        4,353.538299
Epoch7                              0.000000                        4,353.538299
Epoch8                              0.021884                        4,353.560183
Epoch9                              0.000000                        4,353.560183
Epoch10                             0.000000                        4,353.560183
Epoch11                             0.000000                        4,353.560183
Epoch12                             0.000000                        4,353.560183
Epoch13                             0.000000                        4,353.560183
Epoch14                             0.000000                        4,353.560183
Epoch15                             0.000000                        4,353.560183
Epoch16                             0.000000                        4,353.560183
