Epoch#                               Rewards                   Total(Cumulative)
Epoch0                          1,163.510000                        1,163.510000
Epoch1                              0.000000                        1,163.510000
Epoch2                            109.236243                        1,272.746243
Epoch3                             16.432448                        1,289.178691
Epoch4                             28.058788                        1,317.237479
Epoch5                              7.203145                        1,324.440625
Epoch6                              7.664418                        1,332.105042
Epoch7                             35.641989                        1,367.747031
Epoch8                             24.557239                        1,392.304270
Epoch9                              3.106016                        1,395.410286
Epoch10                             0.186832                        1,395.597118
Epoch11                             0.000000                        1,395.597118
Epoch12                             0.258171                        1,395.855289
Epoch13                             0.000000                        1,395.855289
Epoch14                             0.000000                        1,395.855289
Epoch15                             0.000000                        1,395.855289
Epoch16                             0.000000                        1,395.855289
Epoch17                             0.000000                        1,395.855289
Epoch18                             0.000000                        1,395.855289
Epoch19                             0.000000                        1,395.855289
Epoch20                             0.000000                        1,395.855289
Epoch21                             0.000000                        1,395.855289
Epoch22                             0.000000                        1,395.855289
Epoch23                             0.000000                        1,395.855289
Epoch24                             0.000000                        1,395.855289
Epoch25                             0.057547                        1,395.912836
Epoch26                             0.000000                        1,395.912836
Epoch27                             0.000000                        1,395.912836
Epoch28                             0.000000                        1,395.912836
