Epoch#                               Rewards                   Total(Cumulative)
Epoch0                          1,167.069246                        1,167.069246
Epoch1                              0.139681                        1,167.208927
Epoch2                              0.000000                        1,167.208927
Epoch3                              0.000000                        1,167.208927
Epoch4                              0.000000                        1,167.208927
Epoch5                              0.000000                        1,167.208927
Epoch6                              0.000000                        1,167.208927
Epoch7                              0.000000                        1,167.208927
Epoch8                              0.000000                        1,167.208927
Epoch9                              0.000000                        1,167.208927
Epoch10                             0.000000                        1,167.208927
Epoch11                             0.000000                        1,167.208927
Epoch12                             0.000000                        1,167.208927
Epoch13                             0.000000                        1,167.208927
Epoch14                             0.000000                        1,167.208927
Epoch15                             0.000000                        1,167.208927
Epoch16                             0.000000                        1,167.208927
Epoch17                             0.000000                        1,167.208927
