Epoch#                               Rewards                   Total(Cumulative)
Epoch0                          1,163.641632                        1,163.641632
Epoch1                              0.000000                        1,163.641632
Epoch2                              0.000000                        1,163.641632
Epoch3                              0.000000                        1,163.641632
Epoch4                              0.000000                        1,163.641632
Epoch5                              0.000000                        1,163.641632
Epoch6                              0.000000                        1,163.641632
Epoch7                              0.000000                        1,163.641632
Epoch8                              0.000000                        1,163.641632
Epoch9                              0.000000                        1,163.641632
Epoch10                             0.000000                        1,163.641632
Epoch11                             0.000000                        1,163.641632
Epoch12                             0.000000                        1,163.641632
Epoch13                             0.000000                        1,163.641632
Epoch14                             0.000000                        1,163.641632
Epoch15                             0.000000                        1,163.641632
Epoch16                             0.000000                        1,163.641632
Epoch17                             0.000000                        1,163.641632
