Epoch#                               Rewards                   Total(Cumulative)
Epoch0                          1,164.460864                        1,164.460864
Epoch1                              0.000000                        1,164.460864
Epoch2                              0.145401                        1,164.606265
Epoch3                              0.000000                        1,164.606265
Epoch4                              0.000000                        1,164.606265
Epoch5                              0.000000                        1,164.606265
Epoch6                              0.000000                        1,164.606265
Epoch7                              0.000000                        1,164.606265
Epoch8                              0.000000                        1,164.606265
Epoch9                              0.000000                        1,164.606265
Epoch10                             0.000000                        1,164.606265
Epoch11                             0.000000                        1,164.606265
Epoch12                             0.000000                        1,164.606265
Epoch13                             0.000000                        1,164.606265
Epoch14                             0.000000                        1,164.606265
Epoch15                             0.000000                        1,164.606265
