Epoch#                               Rewards                   Total(Cumulative)
Epoch0                          1,163.643107                        1,163.643107
Epoch1                              0.000000                        1,163.643107
Epoch2                              0.000000                        1,163.643107
Epoch3                              0.000000                        1,163.643107
Epoch4                              0.000000                        1,163.643107
Epoch5                              0.000000                        1,163.643107
Epoch6                              0.000000                        1,163.643107
Epoch7                              0.000000                        1,163.643107
Epoch8                              0.000000                        1,163.643107
Epoch9                              0.000000                        1,163.643107
Epoch10                             0.000000                        1,163.643107
Epoch11                             0.000000                        1,163.643107
Epoch12                             0.000000                        1,163.643107
Epoch13                             0.000000                        1,163.643107
Epoch14                             0.000000                        1,163.643107
Epoch15                             0.000000                        1,163.643107
Epoch16                             0.000000                        1,163.643107
Epoch17                             0.000000                        1,163.643107
Epoch18                             0.000000                        1,163.643107
Epoch19                             0.000000                        1,163.643107
Epoch20                             0.000000                        1,163.643107
Epoch21                             0.000000                        1,163.643107
Epoch22                             0.000000                        1,163.643107
Epoch23                             0.000000                        1,163.643107
Epoch24                             0.000000                        1,163.643107
Epoch25                             0.000000                        1,163.643107
Epoch26                             0.000000                        1,163.643107
Epoch27                             0.000000                        1,163.643107
Epoch28                             0.000000                        1,163.643107
Epoch29                             0.000000                        1,163.643107
Epoch30                             0.000000                        1,163.643107
