Epoch#                               Rewards                   Total(Cumulative)
Epoch0                          4,385.188915                        4,385.188915
Epoch1                              0.000000                        4,385.188915
Epoch2                              0.171471                        4,385.360386
Epoch3                              0.000000                        4,385.360386
Epoch4                              0.000000                        4,385.360386
Epoch5                              0.000000                        4,385.360386
Epoch6                              0.035357                        4,385.395743
Epoch7                              0.000000                        4,385.395743
Epoch8                              0.000000                        4,385.395743
Epoch9                              0.000000                        4,385.395743
Epoch10                             0.000000                        4,385.395743
Epoch11                             0.000000                        4,385.395743
Epoch12                             0.000000                        4,385.395743
Epoch13                             0.000000                        4,385.395743
Epoch14                             0.000000                        4,385.395743
Epoch15                             0.000000                        4,385.395743
