Epoch#                               Rewards                   Total(Cumulative)
Epoch0                          1,166.392758                        1,166.392758
Epoch1                              0.017418                        1,166.410176
Epoch2                              0.000000                        1,166.410176
Epoch3                              0.000000                        1,166.410176
Epoch4                              0.000000                        1,166.410176
Epoch5                              0.000000                        1,166.410176
Epoch6                              0.000000                        1,166.410176
Epoch7                              0.000000                        1,166.410176
Epoch8                              0.000000                        1,166.410176
Epoch9                              0.000000                        1,166.410176
Epoch10                             0.000000                        1,166.410176
Epoch11                             0.000000                        1,166.410176
Epoch12                             0.000000                        1,166.410176
Epoch13                             0.000000                        1,166.410176
Epoch14                             0.000000                        1,166.410176
