Epoch#                               Rewards                   Total(Cumulative)
Epoch0                          1,738.297805                        1,738.297805
Epoch1                             12.076411                        1,750.374216
Epoch2                              0.000000                        1,750.374216
Epoch3                              0.000000                        1,750.374216
Epoch4                              0.000000                        1,750.374216
Epoch5                              0.000000                        1,750.374216
Epoch6                              0.000000                        1,750.374216
Epoch7                              0.000000                        1,750.374216
Epoch8                              0.000000                        1,750.374216
Epoch9                              0.000000                        1,750.374216
Epoch10                             0.000000                        1,750.374216
Epoch11                             0.000000                        1,750.374216
Epoch12                             0.000000                        1,750.374216
Epoch13                             0.000000                        1,750.374216
Epoch14                             0.000000                        1,750.374216
Epoch15                             0.000000                        1,750.374216
