Epoch#                               Rewards                   Total(Cumulative)
Epoch0                          1,163.592831                        1,163.592831
Epoch1                              0.000000                        1,163.592831
Epoch2                              0.000000                        1,163.592831
Epoch3                              0.000000                        1,163.592831
Epoch4                              0.000000                        1,163.592831
Epoch5                              0.000000                        1,163.592831
Epoch6                              0.000000                        1,163.592831
Epoch7                              0.000000                        1,163.592831
Epoch8                              0.000000                        1,163.592831
Epoch9                              0.000000                        1,163.592831
Epoch10                             0.000000                        1,163.592831
Epoch11                             0.000000                        1,163.592831
Epoch12                             0.000000                        1,163.592831
Epoch13                             0.000000                        1,163.592831
Epoch14                             0.000000                        1,163.592831
