Epoch#                               Rewards                   Total(Cumulative)
Epoch0                          1,163.577214                        1,163.577214
Epoch1                              0.000000                        1,163.577214
Epoch2                              0.000000                        1,163.577214
Epoch3                              0.000000                        1,163.577214
Epoch4                              0.000000                        1,163.577214
Epoch5                              0.000000                        1,163.577214
Epoch6                              0.000000                        1,163.577214
Epoch7                              0.000000                        1,163.577214
Epoch8                              0.000000                        1,163.577214
Epoch9                              0.000000                        1,163.577214
Epoch10                             0.000000                        1,163.577214
Epoch11                             0.000000                        1,163.577214
Epoch12                             0.000000                        1,163.577214
Epoch13                             0.000000                        1,163.577214
Epoch14                             0.000000                        1,163.577214
Epoch15                             0.000000                        1,163.577214
Epoch16                             0.000000                        1,163.577214
Epoch17                             0.000000                        1,163.577214
