Epoch#                               Rewards                   Total(Cumulative)
Epoch0                          6,413.932202                        6,413.932202
Epoch1                             12.504505                        6,426.436708
Epoch2                              3.487803                        6,429.924510
Epoch3                              0.462998                        6,430.387508
Epoch4                              0.000000                        6,430.387508
Epoch5                              0.000000                        6,430.387508
Epoch6                              0.000000                        6,430.387508
Epoch7                              0.000000                        6,430.387508
Epoch8                              0.000000                        6,430.387508
Epoch9                              0.000000                        6,430.387508
Epoch10                             0.000000                        6,430.387508
Epoch11                             0.000000                        6,430.387508
Epoch12                             0.000000                        6,430.387508
Epoch13                             0.000000                        6,430.387508
Epoch14                             0.000000                        6,430.387508
Epoch15                             0.000000                        6,430.387508
Epoch16                             0.000000                        6,430.387508
