Epoch#                               Rewards                   Total(Cumulative)
Epoch0                          4,349.630000                        4,349.630000
Epoch1                              0.000000                        4,349.630000
Epoch2                              0.000000                        4,349.630000
Epoch3                              0.000000                        4,349.630000
Epoch4                              0.000000                        4,349.630000
Epoch5                              0.019456                        4,349.649456
Epoch6                              0.000000                        4,349.649456
Epoch7                              0.000000                        4,349.649456
Epoch8                              1.425205                        4,351.074661
Epoch9                              0.000000                        4,351.074661
Epoch10                             0.035586                        4,351.110246
Epoch11                             0.284387                        4,351.394634
Epoch12                             0.000000                        4,351.394634
Epoch13                             0.000000                        4,351.394634
Epoch14                             0.000000                        4,351.394634
Epoch15                             0.000000                        4,351.394634
