Epoch#                               Rewards                   Total(Cumulative)
Epoch0                          1,188.359955                        1,188.359955
Epoch1                              1.216949                        1,189.576903
Epoch2                              0.000000                        1,189.576903
Epoch3                              0.000000                        1,189.576903
Epoch4                              0.000000                        1,189.576903
Epoch5                              0.000000                        1,189.576903
Epoch6                              0.000000                        1,189.576903
Epoch7                              0.000000                        1,189.576903
Epoch8                              0.000000                        1,189.576903
Epoch9                              0.000000                        1,189.576903
Epoch10                             0.000000                        1,189.576903
Epoch11                             0.000000                        1,189.576903
Epoch12                             0.000000                        1,189.576903
Epoch13                             0.000000                        1,189.576903
Epoch14                             0.000000                        1,189.576903
Epoch15                             0.000000                        1,189.576903
Epoch16                             0.000000                        1,189.576903
