Epoch#                               Rewards                   Total(Cumulative)
Epoch0                          6,499.556787                        6,499.556787
Epoch1                            419.568888                        6,919.125675
Epoch2                             64.079014                        6,983.204689
Epoch3                            343.058953                        7,326.263642
Epoch4                            477.376699                        7,803.640341
Epoch5                            783.265128                        8,586.905469
Epoch6                             30.951816                        8,617.857285
Epoch7                              0.000000                        8,617.857285
Epoch8                             23.982111                        8,641.839395
Epoch9                              0.000000                        8,641.839395
Epoch10                             0.000000                        8,641.839395
Epoch11                             0.000000                        8,641.839395
Epoch12                             0.000000                        8,641.839395
Epoch13                             0.000000                        8,641.839395
Epoch14                             0.000000                        8,641.839395
