Epoch#                               Rewards                   Total(Cumulative)
Epoch0                          4,349.630000                        4,349.630000
Epoch1                             26.261917                        4,375.891917
Epoch2                              7.030196                        4,382.922113
Epoch3                              0.000000                        4,382.922113
Epoch4                              0.000000                        4,382.922113
Epoch5                              0.000000                        4,382.922113
Epoch6                              0.000000                        4,382.922113
Epoch7                              0.000000                        4,382.922113
Epoch8                              0.000000                        4,382.922113
Epoch9                              0.000000                        4,382.922113
Epoch10                             0.000000                        4,382.922113
Epoch11                             0.000000                        4,382.922113
Epoch12                             0.000000                        4,382.922113
Epoch13                             0.000000                        4,382.922113
Epoch14                             0.000000                        4,382.922113
Epoch15                             0.000000                        4,382.922113
Epoch16                             0.000000                        4,382.922113
Epoch17                             0.000000                        4,382.922113
