Epoch#                               Rewards                   Total(Cumulative)
Epoch0                          4,830.742188                        4,830.742188
Epoch1                              0.000000                        4,830.742188
Epoch2                              0.000000                        4,830.742188
Epoch3                              0.000000                        4,830.742188
Epoch4                              0.000000                        4,830.742188
Epoch5                              0.000000                        4,830.742188
Epoch6                              0.000000                        4,830.742188
Epoch7                              0.000000                        4,830.742188
Epoch8                              0.000000                        4,830.742188
Epoch9                              0.000000                        4,830.742188
Epoch10                             0.000000                        4,830.742188
Epoch11                             0.000000                        4,830.742188
Epoch12                             0.000000                        4,830.742188
Epoch13                             0.000000                        4,830.742188
Epoch14                             0.000000                        4,830.742188
