Epoch#                               Rewards                   Total(Cumulative)
Epoch0                          1,166.690014                        1,166.690014
Epoch1                              0.395326                        1,167.085341
Epoch2                              0.000000                        1,167.085341
Epoch3                              0.000000                        1,167.085341
Epoch4                              0.000000                        1,167.085341
Epoch5                              0.000000                        1,167.085341
Epoch6                              0.000000                        1,167.085341
Epoch7                              0.000000                        1,167.085341
Epoch8                              0.000000                        1,167.085341
Epoch9                              0.000000                        1,167.085341
Epoch10                             0.000000                        1,167.085341
Epoch11                             0.000000                        1,167.085341
Epoch12                             0.000000                        1,167.085341
Epoch13                             0.000000                        1,167.085341
Epoch14                             0.000000                        1,167.085341
Epoch15                             0.000000                        1,167.085341
Epoch16                             0.000000                        1,167.085341
Epoch17                             0.000000                        1,167.085341
