Epoch#                               Rewards                   Total(Cumulative)
Epoch0                          1,163.793562                        1,163.793562
Epoch1                              0.000000                        1,163.793562
Epoch2                              0.000000                        1,163.793562
Epoch3                              0.000000                        1,163.793562
Epoch4                              0.000000                        1,163.793562
Epoch5                              0.000000                        1,163.793562
Epoch6                              0.000000                        1,163.793562
Epoch7                              0.000000                        1,163.793562
Epoch8                              0.000000                        1,163.793562
Epoch9                              0.000000                        1,163.793562
Epoch10                             0.000000                        1,163.793562
Epoch11                             0.000000                        1,163.793562
Epoch12                             0.000000                        1,163.793562
Epoch13                             0.000000                        1,163.793562
Epoch14                             0.000000                        1,163.793562
