Epoch#                               Rewards                   Total(Cumulative)
Epoch0                          1,163.599262                        1,163.599262
Epoch1                              0.000000                        1,163.599262
Epoch2                              0.000000                        1,163.599262
Epoch3                              0.000000                        1,163.599262
Epoch4                              0.000000                        1,163.599262
Epoch5                              0.000000                        1,163.599262
Epoch6                              0.000000                        1,163.599262
Epoch7                              0.000000                        1,163.599262
Epoch8                              0.000000                        1,163.599262
Epoch9                              0.000000                        1,163.599262
Epoch10                             0.000000                        1,163.599262
Epoch11                             0.000000                        1,163.599262
Epoch12                             0.000000                        1,163.599262
Epoch13                             0.000000                        1,163.599262
Epoch14                             0.000000                        1,163.599262
Epoch15                             0.000000                        1,163.599262
Epoch16                             0.000000                        1,163.599262
