Epoch#                               Rewards                   Total(Cumulative)
Epoch0                          1,166.000895                        1,166.000895
Epoch1                              0.000000                        1,166.000895
Epoch2                              0.000000                        1,166.000895
Epoch3                              0.000000                        1,166.000895
Epoch4                              0.000000                        1,166.000895
Epoch5                              0.000000                        1,166.000895
Epoch6                              0.000000                        1,166.000895
Epoch7                              0.000000                        1,166.000895
Epoch8                              0.000000                        1,166.000895
Epoch9                              0.000000                        1,166.000895
Epoch10                             0.000000                        1,166.000895
Epoch11                             0.000000                        1,166.000895
Epoch12                             0.000000                        1,166.000895
Epoch13                             0.000000                        1,166.000895
Epoch14                             0.000000                        1,166.000895
