Epoch#                               Rewards                   Total(Cumulative)
Epoch0                          1,164.702035                        1,164.702035
Epoch1                              0.000000                        1,164.702035
Epoch2                              0.000000                        1,164.702035
Epoch3                              0.000000                        1,164.702035
Epoch4                              0.000000                        1,164.702035
Epoch5                              0.000000                        1,164.702035
Epoch6                              0.000000                        1,164.702035
Epoch7                              0.000000                        1,164.702035
Epoch8                              0.000000                        1,164.702035
Epoch9                              0.000000                        1,164.702035
Epoch10                             0.000000                        1,164.702035
Epoch11                             0.000000                        1,164.702035
Epoch12                             0.000000                        1,164.702035
Epoch13                             0.000000                        1,164.702035
Epoch14                             0.000000                        1,164.702035
Epoch15                             0.000000                        1,164.702035
Epoch16                             0.000000                        1,164.702035
Epoch17                             0.000000                        1,164.702035
Epoch18                             0.000000                        1,164.702035
Epoch19                             0.000000                        1,164.702035
Epoch20                             0.000000                        1,164.702035
Epoch21                             0.000000                        1,164.702035
Epoch22                             0.000000                        1,164.702035
Epoch23                             0.000000                        1,164.702035
Epoch24                             0.000000                        1,164.702035
Epoch25                             0.000000                        1,164.702035
Epoch26                             0.000000                        1,164.702035
Epoch27                             0.000000                        1,164.702035
Epoch28                             0.000000                        1,164.702035
Epoch29                             0.000000                        1,164.702035
