Epoch#                               Rewards                   Total(Cumulative)
Epoch0                          4,350.293012                        4,350.293012
Epoch1                              0.000000                        4,350.293012
Epoch2                              0.000000                        4,350.293012
Epoch3                              0.000000                        4,350.293012
Epoch4                              0.000000                        4,350.293012
Epoch5                              0.000000                        4,350.293012
Epoch6                              0.000000                        4,350.293012
Epoch7                              0.000000                        4,350.293012
Epoch8                              0.000000                        4,350.293012
Epoch9                              0.000000                        4,350.293012
Epoch10                             0.000000                        4,350.293012
Epoch11                             0.000000                        4,350.293012
Epoch12                             0.000000                        4,350.293012
Epoch13                             0.000000                        4,350.293012
Epoch14                             0.000000                        4,350.293012
Epoch15                             0.000000                        4,350.293012
Epoch16                             0.000000                        4,350.293012
Epoch17                             0.000000                        4,350.293012
Epoch18                             0.000000                        4,350.293012
Epoch19                             0.000000                        4,350.293012
Epoch20                             0.000000                        4,350.293012
Epoch21                             0.000000                        4,350.293012
Epoch22                             0.000000                        4,350.293012
Epoch23                             0.000000                        4,350.293012
Epoch24                             0.000000                        4,350.293012
Epoch25                             0.000000                        4,350.293012
Epoch26                             0.000000                        4,350.293012
Epoch27                             0.000000                        4,350.293012
Epoch28                             0.000000                        4,350.293012
Epoch29                             0.000000                        4,350.293012
Epoch30                             0.000000                        4,350.293012
