Epoch#                               Rewards                   Total(Cumulative)
Epoch0                              0.000000                            0.000000
Epoch1                          5,375.851683                        5,375.851683
Epoch2                             12.769519                        5,388.621202
Epoch3                              0.000000                        5,388.621202
Epoch4                              0.000000                        5,388.621202
Epoch5                              0.000000                        5,388.621202
Epoch6                              0.000000                        5,388.621202
Epoch7                              0.000000                        5,388.621202
Epoch8                              0.000000                        5,388.621202
Epoch9                              0.000000                        5,388.621202
Epoch10                             0.000000                        5,388.621202
Epoch11                             0.000000                        5,388.621202
Epoch12                             0.000000                        5,388.621202
Epoch13                             0.000000                        5,388.621202
Epoch14                             0.000000                        5,388.621202
Epoch15                             0.000000                        5,388.621202
