Epoch#                               Rewards                   Total(Cumulative)
Epoch0                          6,415.847547                        6,415.847547
Epoch1                              0.064363                        6,415.911910
Epoch2                              0.037956                        6,415.949866
Epoch3                              0.000000                        6,415.949866
Epoch4                              0.000000                        6,415.949866
Epoch5                              0.000000                        6,415.949866
Epoch6                              0.000000                        6,415.949866
Epoch7                              0.000000                        6,415.949866
Epoch8                              0.000000                        6,415.949866
Epoch9                              0.000000                        6,415.949866
Epoch10                             0.000000                        6,415.949866
Epoch11                             0.000000                        6,415.949866
Epoch12                             0.000000                        6,415.949866
Epoch13                             0.000000                        6,415.949866
Epoch14                             0.000000                        6,415.949866
Epoch15                             0.000000                        6,415.949866
Epoch16                             0.000000                        6,415.949866
Epoch17                             0.000000                        6,415.949866
Epoch18                             0.000000                        6,415.949866
Epoch19                             0.000000                        6,415.949866
Epoch20                             0.000000                        6,415.949866
Epoch21                             0.000000                        6,415.949866
Epoch22                             0.000000                        6,415.949866
Epoch23                             0.000000                        6,415.949866
Epoch24                             0.000000                        6,415.949866
Epoch25                             0.000000                        6,415.949866
Epoch26                             0.000000                        6,415.949866
Epoch27                             0.000000                        6,415.949866
Epoch28                             0.000000                        6,415.949866
Epoch29                             0.000000                        6,415.949866
Epoch30                             0.000000                        6,415.949866
