Epoch#                               Rewards                   Total(Cumulative)
Epoch0                          6,413.957721                        6,413.957721
Epoch1                            304.820221                        6,718.777942
Epoch2                            215.646123                        6,934.424065
Epoch3                            336.885309                        7,271.309374
Epoch4                            277.854805                        7,549.164179
Epoch5                             82.342784                        7,631.506963
Epoch6                              0.000000                        7,631.506963
Epoch7                              0.000000                        7,631.506963
Epoch8                              0.000000                        7,631.506963
Epoch9                              0.000000                        7,631.506963
Epoch10                             0.000000                        7,631.506963
Epoch11                             0.000000                        7,631.506963
Epoch12                             0.000000                        7,631.506963
Epoch13                             0.000000                        7,631.506963
Epoch14                             0.000000                        7,631.506963
Epoch15                             0.000000                        7,631.506963
