Epoch#                               Rewards                   Total(Cumulative)
Epoch0                          1,166.045430                        1,166.045430
Epoch1                              0.186566                        1,166.231996
Epoch2                              0.000000                        1,166.231996
Epoch3                              0.000000                        1,166.231996
Epoch4                              0.000000                        1,166.231996
Epoch5                              0.000000                        1,166.231996
Epoch6                              0.000000                        1,166.231996
Epoch7                              0.000000                        1,166.231996
Epoch8                              0.000000                        1,166.231996
Epoch9                              0.000000                        1,166.231996
Epoch10                             0.000000                        1,166.231996
Epoch11                             0.000000                        1,166.231996
Epoch12                             0.000000                        1,166.231996
Epoch13                             0.000000                        1,166.231996
Epoch14                             0.000000                        1,166.231996
Epoch15                             0.000000                        1,166.231996
Epoch16                             0.000000                        1,166.231996
