Epoch#                               Rewards                   Total(Cumulative)
Epoch0                          6,428.110981                        6,428.110981
Epoch1                            283.177161                        6,711.288142
Epoch2                            243.879910                        6,955.168052
Epoch3                            139.148274                        7,094.316326
Epoch4                             77.267494                        7,171.583819
Epoch5                            390.629261                        7,562.213081
Epoch6                             82.113217                        7,644.326297
Epoch7                             66.041279                        7,710.367576
Epoch8                             35.786453                        7,746.154029
Epoch9                             14.048544                        7,760.202573
Epoch10                            14.800318                        7,775.002891
Epoch11                             0.000000                        7,775.002891
Epoch12                             9.008873                        7,784.011764
Epoch13                            11.101234                        7,795.112998
Epoch14                             0.000000                        7,795.112998
Epoch15                             0.000000                        7,795.112998
Epoch16                             0.000000                        7,795.112998
Epoch17                             0.000000                        7,795.112998
Epoch18                             0.000000                        7,795.112998
Epoch19                             0.000000                        7,795.112998
Epoch20                             0.000000                        7,795.112998
Epoch21                             0.000000                        7,795.112998
Epoch22                             0.000000                        7,795.112998
Epoch23                             0.000000                        7,795.112998
Epoch24                             0.000000                        7,795.112998
Epoch25                             0.000000                        7,795.112998
Epoch26                             0.000000                        7,795.112998
Epoch27                             0.000000                        7,795.112998
Epoch28                             0.000000                        7,795.112998
