Epoch#                               Rewards                   Total(Cumulative)
Epoch0                          1,163.665347                        1,163.665347
Epoch1                              0.000000                        1,163.665347
Epoch2                              0.000000                        1,163.665347
Epoch3                              0.000000                        1,163.665347
Epoch4                              0.000000                        1,163.665347
Epoch5                              0.000000                        1,163.665347
Epoch6                              0.000000                        1,163.665347
Epoch7                              0.000000                        1,163.665347
Epoch8                              0.000000                        1,163.665347
Epoch9                              0.000000                        1,163.665347
Epoch10                             0.000000                        1,163.665347
Epoch11                             0.000000                        1,163.665347
Epoch12                             0.000000                        1,163.665347
Epoch13                             0.000000                        1,163.665347
Epoch14                             0.000000                        1,163.665347
Epoch15                             0.000000                        1,163.665347
Epoch16                             0.000000                        1,163.665347
Epoch17                             0.000000                        1,163.665347
