Epoch#                               Rewards                   Total(Cumulative)
Epoch0                          1,163.510000                        1,163.510000
Epoch1                              1.973958                        1,165.483958
Epoch2                              0.623178                        1,166.107136
Epoch3                              0.000000                        1,166.107136
Epoch4                              0.000000                        1,166.107136
Epoch5                              0.000000                        1,166.107136
Epoch6                              0.000000                        1,166.107136
Epoch7                              0.000000                        1,166.107136
Epoch8                              0.000000                        1,166.107136
Epoch9                              0.000000                        1,166.107136
Epoch10                             0.000000                        1,166.107136
Epoch11                             0.000000                        1,166.107136
Epoch12                             0.000000                        1,166.107136
Epoch13                             0.000000                        1,166.107136
Epoch14                             0.000000                        1,166.107136
Epoch15                             0.000000                        1,166.107136
