Epoch#                               Rewards                   Total(Cumulative)
Epoch0                          1,163.683199                        1,163.683199
Epoch1                              0.000000                        1,163.683199
Epoch2                              0.000000                        1,163.683199
Epoch3                              0.000000                        1,163.683199
Epoch4                              0.000000                        1,163.683199
Epoch5                              0.000000                        1,163.683199
Epoch6                              0.000000                        1,163.683199
Epoch7                              0.000000                        1,163.683199
Epoch8                              0.000000                        1,163.683199
Epoch9                              0.000000                        1,163.683199
Epoch10                             0.000000                        1,163.683199
Epoch11                             0.000000                        1,163.683199
Epoch12                             0.000000                        1,163.683199
Epoch13                             0.000000                        1,163.683199
Epoch14                             0.000000                        1,163.683199
Epoch15                             0.000000                        1,163.683199
Epoch16                             0.000000                        1,163.683199
Epoch17                             0.000000                        1,163.683199
