Epoch#                               Rewards                   Total(Cumulative)
Epoch0                              0.000000                            0.000000
Epoch1                              0.000000                            0.000000
Epoch2                              0.000000                            0.000000
Epoch3                              0.000000                            0.000000
Epoch4                              0.000000                            0.000000
Epoch5                              0.000000                            0.000000
Epoch6                              0.000000                            0.000000
Epoch7                              0.000000                            0.000000
Epoch8                              0.000000                            0.000000
Epoch9                              0.000000                            0.000000
Epoch10                             0.000000                            0.000000
Epoch11                             0.000000                            0.000000
Epoch12                             0.000000                            0.000000
Epoch13                           105.275444                          105.275444
Epoch14                         4,185.059355                        4,290.334799
Epoch15                             0.000000                        4,290.334799
Epoch16                         1,649.691574                        5,940.026374
Epoch17                           177.381176                        6,117.407550
Epoch18                         1,172.969723                        7,290.377273
Epoch19                           732.245791                        8,022.623064
Epoch20                         5,281.769190                       13,304.392253
Epoch21                           744.807655                       14,049.199908
Epoch22                         1,622.005990                       15,671.205898
Epoch23                            47.297205                       15,718.503103
Epoch24                            23.900817                       15,742.403920
Epoch25                           466.812392                       16,209.216312
Epoch26                             0.000000                       16,209.216312
Epoch27                             0.000000                       16,209.216312
Epoch28                             0.000000                       16,209.216312
Epoch29                           209.390256                       16,418.606568
Epoch30                           198.231785                       16,616.838353
Epoch31                            29.970996                       16,646.809349
