Epoch#                               Rewards                   Total(Cumulative)
Epoch0                          6,608.310293                        6,608.310293
Epoch1                            133.767186                        6,742.077478
Epoch2                             16.070372                        6,758.147851
Epoch3                              3.102947                        6,761.250797
Epoch4                              0.000000                        6,761.250797
Epoch5                             47.050254                        6,808.301051
Epoch6                             13.865946                        6,822.166997
Epoch7                              0.000000                        6,822.166997
Epoch8                              4.051436                        6,826.218433
Epoch9                             30.951908                        6,857.170341
Epoch10                            65.456776                        6,922.627117
Epoch11                            25.868259                        6,948.495377
Epoch12                             0.000000                        6,948.495377
Epoch13                             0.000000                        6,948.495377
Epoch14                             0.000000                        6,948.495377
Epoch15                             0.000000                        6,948.495377
Epoch16                             0.000000                        6,948.495377
Epoch17                             0.000000                        6,948.495377
Epoch18                             0.000000                        6,948.495377
Epoch19                             0.000000                        6,948.495377
Epoch20                             0.000000                        6,948.495377
Epoch21                             0.000000                        6,948.495377
Epoch22                             0.000000                        6,948.495377
Epoch23                             0.000000                        6,948.495377
Epoch24                             0.000000                        6,948.495377
Epoch25                             0.000000                        6,948.495377
Epoch26                             0.000000                        6,948.495377
Epoch27                             0.000000                        6,948.495377
Epoch28                             0.000000                        6,948.495377
