Epoch#                               Rewards                   Total(Cumulative)
Epoch0                          4,350.332303                        4,350.332303
Epoch1                              0.000000                        4,350.332303
Epoch2                              0.000000                        4,350.332303
Epoch3                              0.000000                        4,350.332303
Epoch4                              0.000000                        4,350.332303
Epoch5                              0.000000                        4,350.332303
Epoch6                              0.000000                        4,350.332303
Epoch7                              0.000000                        4,350.332303
Epoch8                              0.000000                        4,350.332303
Epoch9                              0.000000                        4,350.332303
Epoch10                             0.000000                        4,350.332303
Epoch11                             0.000000                        4,350.332303
Epoch12                             0.000000                        4,350.332303
Epoch13                             0.000000                        4,350.332303
Epoch14                             0.000000                        4,350.332303
Epoch15                             0.000000                        4,350.332303
