Epoch#                               Rewards                   Total(Cumulative)
Epoch0                          1,163.732988                        1,163.732988
Epoch1                              0.000000                        1,163.732988
Epoch2                              0.000000                        1,163.732988
Epoch3                              0.000000                        1,163.732988
Epoch4                              0.000000                        1,163.732988
Epoch5                              0.000000                        1,163.732988
Epoch6                              0.000000                        1,163.732988
Epoch7                              0.000000                        1,163.732988
Epoch8                              0.000000                        1,163.732988
Epoch9                              0.000000                        1,163.732988
Epoch10                             0.000000                        1,163.732988
Epoch11                             0.000000                        1,163.732988
Epoch12                             0.000000                        1,163.732988
Epoch13                             0.000000                        1,163.732988
Epoch14                             0.000000                        1,163.732988
