Epoch#                               Rewards                   Total(Cumulative)
Epoch0                              0.000000                            0.000000
Epoch1                              0.000000                            0.000000
Epoch2                              0.000000                            0.000000
Epoch3                              0.000000                            0.000000
Epoch4                              0.000000                            0.000000
Epoch5                              0.000000                            0.000000
Epoch6                              0.000000                            0.000000
Epoch7                          1,225.946684                        1,225.946684
Epoch8                              0.000000                        1,225.946684
Epoch9                            156.856236                        1,382.802920
Epoch10                             0.000000                        1,382.802920
Epoch11                             0.000000                        1,382.802920
Epoch12                             0.000000                        1,382.802920
Epoch13                             0.000000                        1,382.802920
Epoch14                             0.000000                        1,382.802920
Epoch15                             0.000000                        1,382.802920
Epoch16                             0.000000                        1,382.802920
Epoch17                             0.000000                        1,382.802920
Epoch18                             0.000000                        1,382.802920
Epoch19                             0.000000                        1,382.802920
Epoch20                             0.000000                        1,382.802920
Epoch21                             0.000000                        1,382.802920
Epoch22                             0.000000                        1,382.802920
Epoch23                             0.000000                        1,382.802920
Epoch24                             0.000000                        1,382.802920
Epoch25                             0.000000                        1,382.802920
Epoch26                             0.000000                        1,382.802920
Epoch27                             0.000000                        1,382.802920
Epoch28                             0.000000                        1,382.802920
