Epoch#                               Rewards                   Total(Cumulative)
Epoch0                          1,164.094420                        1,164.094420
Epoch1                              0.000000                        1,164.094420
Epoch2                              0.000000                        1,164.094420
Epoch3                              0.000000                        1,164.094420
Epoch4                              0.000000                        1,164.094420
Epoch5                              0.000000                        1,164.094420
Epoch6                              0.000000                        1,164.094420
Epoch7                              0.000000                        1,164.094420
Epoch8                              0.000000                        1,164.094420
Epoch9                              0.000000                        1,164.094420
Epoch10                             0.000000                        1,164.094420
Epoch11                             0.000000                        1,164.094420
Epoch12                             0.000000                        1,164.094420
Epoch13                             0.000000                        1,164.094420
Epoch14                             0.000000                        1,164.094420
Epoch15                             0.000000                        1,164.094420
Epoch16                             0.000000                        1,164.094420
Epoch17                             0.000000                        1,164.094420
