Epoch#                               Rewards                   Total(Cumulative)
Epoch0                              0.000000                            0.000000
Epoch1                              0.000000                            0.000000
Epoch2                              0.000000                            0.000000
Epoch3                              0.000000                            0.000000
Epoch4                              0.000000                            0.000000
Epoch5                              0.000000                            0.000000
Epoch6                              0.000000                            0.000000
Epoch7                              0.000000                            0.000000
Epoch8                              0.000000                            0.000000
Epoch9                              0.000000                            0.000000
Epoch10                         5,023.342418                        5,023.342418
Epoch11                           839.303257                        5,862.645675
Epoch12                           555.450166                        6,418.095841
Epoch13                           110.173163                        6,528.269004
Epoch14                             0.000000                        6,528.269004
Epoch15                             0.000000                        6,528.269004
Epoch16                            35.537075                        6,563.806079
Epoch17                             0.000000                        6,563.806079
Epoch18                             0.000000                        6,563.806079
Epoch19                           192.645910                        6,756.451989
Epoch20                            32.344006                        6,788.795995
Epoch21                             0.000000                        6,788.795995
Epoch22                             0.000000                        6,788.795995
Epoch23                             0.000000                        6,788.795995
Epoch24                             0.000000                        6,788.795995
Epoch25                             0.000000                        6,788.795995
Epoch26                             0.000000                        6,788.795995
Epoch27                             0.000000                        6,788.795995
