Epoch#                               Rewards                   Total(Cumulative)
Epoch0                          1,165.097617                        1,165.097617
Epoch1                              0.000000                        1,165.097617
Epoch2                              0.000000                        1,165.097617
Epoch3                              0.000000                        1,165.097617
Epoch4                              0.000000                        1,165.097617
Epoch5                              0.000000                        1,165.097617
Epoch6                              0.000000                        1,165.097617
Epoch7                              0.000000                        1,165.097617
Epoch8                              0.000000                        1,165.097617
Epoch9                              0.000000                        1,165.097617
Epoch10                             0.000000                        1,165.097617
Epoch11                             0.000000                        1,165.097617
Epoch12                             0.000000                        1,165.097617
Epoch13                             0.000000                        1,165.097617
Epoch14                             0.000000                        1,165.097617
Epoch15                             0.000000                        1,165.097617
Epoch16                             0.000000                        1,165.097617
Epoch17                             0.000000                        1,165.097617
Epoch18                             0.000000                        1,165.097617
Epoch19                             0.000000                        1,165.097617
Epoch20                             0.000000                        1,165.097617
Epoch21                             0.000000                        1,165.097617
Epoch22                             0.000000                        1,165.097617
Epoch23                             0.000000                        1,165.097617
Epoch24                             0.000000                        1,165.097617
Epoch25                             0.000000                        1,165.097617
Epoch26                             0.000000                        1,165.097617
Epoch27                             0.000000                        1,165.097617
