Epoch#                               Rewards                   Total(Cumulative)
Epoch0                          1,163.891842                        1,163.891842
Epoch1                              0.000000                        1,163.891842
Epoch2                              0.000000                        1,163.891842
Epoch3                              0.000000                        1,163.891842
Epoch4                              0.000000                        1,163.891842
Epoch5                              0.000000                        1,163.891842
Epoch6                              0.000000                        1,163.891842
Epoch7                              0.000000                        1,163.891842
Epoch8                              0.000000                        1,163.891842
Epoch9                              0.000000                        1,163.891842
Epoch10                             0.000000                        1,163.891842
Epoch11                             0.000000                        1,163.891842
Epoch12                             0.000000                        1,163.891842
Epoch13                             0.000000                        1,163.891842
Epoch14                             0.000000                        1,163.891842
Epoch15                             0.000000                        1,163.891842
Epoch16                             0.000000                        1,163.891842
Epoch17                             0.000000                        1,163.891842
Epoch18                             0.000000                        1,163.891842
Epoch19                             0.000000                        1,163.891842
Epoch20                             0.000000                        1,163.891842
Epoch21                             0.000000                        1,163.891842
Epoch22                             0.000000                        1,163.891842
Epoch23                             0.000000                        1,163.891842
Epoch24                             0.000000                        1,163.891842
Epoch25                             0.000000                        1,163.891842
Epoch26                             0.000000                        1,163.891842
Epoch27                             0.000000                        1,163.891842
Epoch28                             0.000000                        1,163.891842
Epoch29                             0.000000                        1,163.891842
