Epoch#                               Rewards                   Total(Cumulative)
Epoch0                          1,755.301454                        1,755.301454
Epoch1                              0.000000                        1,755.301454
Epoch2                              0.000000                        1,755.301454
Epoch3                              0.000000                        1,755.301454
Epoch4                              0.000000                        1,755.301454
Epoch5                              0.000000                        1,755.301454
Epoch6                              0.000000                        1,755.301454
Epoch7                              0.000000                        1,755.301454
Epoch8                              0.000000                        1,755.301454
Epoch9                              0.000000                        1,755.301454
Epoch10                             0.000000                        1,755.301454
Epoch11                             0.000000                        1,755.301454
Epoch12                             0.000000                        1,755.301454
Epoch13                             0.000000                        1,755.301454
Epoch14                             0.000000                        1,755.301454
Epoch15                             0.000000                        1,755.301454
Epoch16                             0.000000                        1,755.301454
