Epoch#                               Rewards                   Total(Cumulative)
Epoch0                          1,163.510000                        1,163.510000
Epoch1                              0.195824                        1,163.705824
Epoch2                              0.381036                        1,164.086860
Epoch3                              0.000000                        1,164.086860
Epoch4                              0.013413                        1,164.100273
Epoch5                              0.680517                        1,164.780789
Epoch6                              0.072902                        1,164.853692
Epoch7                              0.130897                        1,164.984589
Epoch8                              0.274113                        1,165.258702
Epoch9                              0.000000                        1,165.258702
Epoch10                             0.000000                        1,165.258702
Epoch11                             0.000000                        1,165.258702
Epoch12                             0.000000                        1,165.258702
Epoch13                             0.000000                        1,165.258702
Epoch14                             0.000000                        1,165.258702
