Epoch#                               Rewards                   Total(Cumulative)
Epoch0                          1,166.258117                        1,166.258117
Epoch1                              0.163387                        1,166.421504
Epoch2                              0.000000                        1,166.421504
Epoch3                              0.024869                        1,166.446373
Epoch4                              0.079431                        1,166.525804
Epoch5                              0.000000                        1,166.525804
Epoch6                              0.000000                        1,166.525804
Epoch7                              0.000000                        1,166.525804
Epoch8                              0.000000                        1,166.525804
Epoch9                              0.000000                        1,166.525804
Epoch10                             0.000000                        1,166.525804
Epoch11                             0.000000                        1,166.525804
Epoch12                             0.000000                        1,166.525804
Epoch13                             0.000000                        1,166.525804
Epoch14                             0.000000                        1,166.525804
Epoch15                             0.000000                        1,166.525804
Epoch16                             0.000000                        1,166.525804
Epoch17                             0.000000                        1,166.525804
Epoch18                             0.000000                        1,166.525804
Epoch19                             0.000000                        1,166.525804
Epoch20                             0.000000                        1,166.525804
Epoch21                             0.000000                        1,166.525804
Epoch22                             0.000000                        1,166.525804
Epoch23                             0.000000                        1,166.525804
Epoch24                             0.000000                        1,166.525804
Epoch25                             0.000000                        1,166.525804
Epoch26                             0.000000                        1,166.525804
Epoch27                             0.000000                        1,166.525804
