Epoch#                               Rewards                   Total(Cumulative)
Epoch0                          1,168.328011                        1,168.328011
Epoch1                              0.010817                        1,168.338828
Epoch2                              0.000000                        1,168.338828
Epoch3                              0.000000                        1,168.338828
Epoch4                              0.000000                        1,168.338828
Epoch5                              0.000000                        1,168.338828
Epoch6                              0.000000                        1,168.338828
Epoch7                              0.000000                        1,168.338828
Epoch8                              0.000000                        1,168.338828
Epoch9                              0.000000                        1,168.338828
Epoch10                             0.000000                        1,168.338828
Epoch11                             0.000000                        1,168.338828
Epoch12                             0.000000                        1,168.338828
Epoch13                             0.000000                        1,168.338828
Epoch14                             0.000000                        1,168.338828
