Epoch#                               Rewards                   Total(Cumulative)
Epoch0                          6,503.174561                        6,503.174561
Epoch1                              0.000000                        6,503.174561
Epoch2                              0.000000                        6,503.174561
Epoch3                              0.000000                        6,503.174561
Epoch4                              0.000000                        6,503.174561
Epoch5                              0.000000                        6,503.174561
Epoch6                              0.000000                        6,503.174561
Epoch7                              0.000000                        6,503.174561
Epoch8                              0.000000                        6,503.174561
Epoch9                              0.000000                        6,503.174561
Epoch10                             0.000000                        6,503.174561
Epoch11                             0.000000                        6,503.174561
Epoch12                             0.000000                        6,503.174561
Epoch13                             0.000000                        6,503.174561
Epoch14                             0.000000                        6,503.174561
Epoch15                             0.000000                        6,503.174561
Epoch16                             0.000000                        6,503.174561
