Epoch#                               Rewards                   Total(Cumulative)
Epoch0                          4,349.630000                        4,349.630000
Epoch1                              0.000000                        4,349.630000
Epoch2                              0.000000                        4,349.630000
Epoch3                              0.000000                        4,349.630000
Epoch4                              0.000000                        4,349.630000
Epoch5                              0.000000                        4,349.630000
Epoch6                              3.107832                        4,352.737832
Epoch7                              0.000000                        4,352.737832
Epoch8                              0.000000                        4,352.737832
Epoch9                              0.000000                        4,352.737832
Epoch10                             0.000000                        4,352.737832
Epoch11                           100.003338                        4,452.741170
Epoch12                             0.000000                        4,452.741170
Epoch13                             0.000000                        4,452.741170
Epoch14                             0.000000                        4,452.741170
Epoch15                             0.000000                        4,452.741170
Epoch16                             0.000000                        4,452.741170
