Epoch#                               Rewards                   Total(Cumulative)
Epoch0                              0.000000                            0.000000
Epoch1                              0.000000                            0.000000
Epoch2                              0.000000                            0.000000
Epoch3                              0.000000                            0.000000
Epoch4                              0.000000                            0.000000
Epoch5                              0.000000                            0.000000
Epoch6                              0.000000                            0.000000
Epoch7                              0.000000                            0.000000
Epoch8                              0.000000                            0.000000
Epoch9                              0.000000                            0.000000
Epoch10                           180.048230                          180.048230
Epoch11                           891.383212                        1,071.431442
Epoch12                           227.365562                        1,298.797004
Epoch13                           289.708663                        1,588.505666
Epoch14                           334.432812                        1,922.938479
Epoch15                           328.508999                        2,251.447477
Epoch16                           556.100855                        2,807.548332
Epoch17                         1,326.750764                        4,134.299097
Epoch18                            68.457167                        4,202.756263
Epoch19                             0.000000                        4,202.756263
Epoch20                             0.000000                        4,202.756263
Epoch21                            74.400190                        4,277.156453
Epoch22                            41.433635                        4,318.590088
Epoch23                             0.000000                        4,318.590088
Epoch24                             0.000000                        4,318.590088
Epoch25                            16.187927                        4,334.778015
Epoch26                             0.000000                        4,334.778015
Epoch27                            25.939040                        4,360.717054
Epoch28                             0.000000                        4,360.717054
