Epoch#                               Rewards                   Total(Cumulative)
Epoch0                          7,822.365730                        7,822.365730
Epoch1                             22.616724                        7,844.982454
Epoch2                             12.547088                        7,857.529542
Epoch3                              0.000000                        7,857.529542
Epoch4                              0.000000                        7,857.529542
Epoch5                              0.000000                        7,857.529542
Epoch6                              0.000000                        7,857.529542
Epoch7                              0.000000                        7,857.529542
Epoch8                              0.000000                        7,857.529542
Epoch9                              0.000000                        7,857.529542
Epoch10                             0.000000                        7,857.529542
Epoch11                             0.000000                        7,857.529542
Epoch12                             0.000000                        7,857.529542
Epoch13                             0.000000                        7,857.529542
Epoch14                             0.000000                        7,857.529542
