Epoch#                               Rewards                   Total(Cumulative)
Epoch0                          9,529.860000                        9,529.860000
Epoch1                              0.000000                        9,529.860000
Epoch2                              0.000000                        9,529.860000
Epoch3                              0.000000                        9,529.860000
Epoch4                              0.000000                        9,529.860000
Epoch5                              0.000000                        9,529.860000
Epoch6                             34.547672                        9,564.407672
Epoch7                             26.969177                        9,591.376849
Epoch8                             25.154162                        9,616.531011
Epoch9                            138.636452                        9,755.167463
Epoch10                           149.784973                        9,904.952435
Epoch11                            13.201207                        9,918.153642
Epoch12                             0.000000                        9,918.153642
Epoch13                             0.000000                        9,918.153642
Epoch14                             0.000000                        9,918.153642
Epoch15                             0.000000                        9,918.153642
Epoch16                             0.000000                        9,918.153642
