Epoch#                               Rewards                   Total(Cumulative)
Epoch0                          1,164.926405                        1,164.926405
Epoch1                              0.022033                        1,164.948438
Epoch2                              0.006278                        1,164.954716
Epoch3                              0.005794                        1,164.960510
Epoch4                              0.006411                        1,164.966920
Epoch5                              0.000000                        1,164.966920
Epoch6                              0.000000                        1,164.966920
Epoch7                              0.000000                        1,164.966920
Epoch8                              0.028461                        1,164.995381
Epoch9                              0.000000                        1,164.995381
Epoch10                             0.000000                        1,164.995381
Epoch11                             0.000000                        1,164.995381
Epoch12                             0.000000                        1,164.995381
Epoch13                             0.000000                        1,164.995381
Epoch14                             0.000000                        1,164.995381
