Epoch#                               Rewards                   Total(Cumulative)
Epoch0                          1,163.686639                        1,163.686639
Epoch1                              0.000000                        1,163.686639
Epoch2                              0.000000                        1,163.686639
Epoch3                              0.000000                        1,163.686639
Epoch4                              0.000000                        1,163.686639
Epoch5                              0.000000                        1,163.686639
Epoch6                              0.000000                        1,163.686639
Epoch7                              0.000000                        1,163.686639
Epoch8                              0.000000                        1,163.686639
Epoch9                              0.000000                        1,163.686639
Epoch10                             0.000000                        1,163.686639
Epoch11                             0.000000                        1,163.686639
Epoch12                             0.000000                        1,163.686639
Epoch13                             0.000000                        1,163.686639
Epoch14                             0.000000                        1,163.686639
Epoch15                             0.000000                        1,163.686639
Epoch16                             0.000000                        1,163.686639
Epoch17                             0.000000                        1,163.686639
