Epoch#                               Rewards                   Total(Cumulative)
Epoch0                          6,413.910000                        6,413.910000
Epoch1                              0.035813                        6,413.945813
Epoch2                              0.000000                        6,413.945813
Epoch3                              0.640925                        6,414.586737
Epoch4                              0.105413                        6,414.692150
Epoch5                              0.030028                        6,414.722179
Epoch6                              0.000000                        6,414.722179
Epoch7                              0.000000                        6,414.722179
Epoch8                              0.000000                        6,414.722179
Epoch9                              0.000000                        6,414.722179
Epoch10                             0.000000                        6,414.722179
Epoch11                             0.000000                        6,414.722179
Epoch12                             0.000000                        6,414.722179
Epoch13                             0.000000                        6,414.722179
Epoch14                             0.000000                        6,414.722179
