Epoch#                               Rewards                   Total(Cumulative)
Epoch0                          1,164.602057                        1,164.602057
Epoch1                              0.162552                        1,164.764609
Epoch2                              0.044139                        1,164.808748
Epoch3                              0.000000                        1,164.808748
Epoch4                              0.116592                        1,164.925340
Epoch5                              0.000000                        1,164.925340
Epoch6                              0.000000                        1,164.925340
Epoch7                              0.000000                        1,164.925340
Epoch8                              0.000000                        1,164.925340
Epoch9                              0.000000                        1,164.925340
Epoch10                             0.336945                        1,165.262285
Epoch11                             0.000000                        1,165.262285
Epoch12                             0.000000                        1,165.262285
Epoch13                             0.000000                        1,165.262285
Epoch14                             0.000000                        1,165.262285
