Epoch#                               Rewards                   Total(Cumulative)
Epoch0                          1,176.144182                        1,176.144182
Epoch1                              0.000000                        1,176.144182
Epoch2                              0.000000                        1,176.144182
Epoch3                              0.000000                        1,176.144182
Epoch4                              0.000000                        1,176.144182
Epoch5                              0.000000                        1,176.144182
Epoch6                              0.000000                        1,176.144182
Epoch7                              0.000000                        1,176.144182
Epoch8                              0.000000                        1,176.144182
Epoch9                              0.000000                        1,176.144182
Epoch10                             0.000000                        1,176.144182
Epoch11                             0.028141                        1,176.172323
Epoch12                             0.000000                        1,176.172323
Epoch13                             0.000000                        1,176.172323
Epoch14                             0.000000                        1,176.172323
Epoch15                             0.000000                        1,176.172323
