Epoch#                               Rewards                   Total(Cumulative)
Epoch0                          4,349.630000                        4,349.630000
Epoch1                              0.000000                        4,349.630000
Epoch2                              0.786912                        4,350.416912
Epoch3                              2.820239                        4,353.237152
Epoch4                              0.943335                        4,354.180487
Epoch5                              0.025470                        4,354.205957
Epoch6                              0.440148                        4,354.646105
Epoch7                              0.907451                        4,355.553556
Epoch8                              0.055820                        4,355.609376
Epoch9                              0.000000                        4,355.609376
Epoch10                             0.000000                        4,355.609376
Epoch11                             0.000000                        4,355.609376
Epoch12                             0.000000                        4,355.609376
Epoch13                             0.000000                        4,355.609376
Epoch14                             0.000000                        4,355.609376
Epoch15                             0.000000                        4,355.609376
Epoch16                             0.000000                        4,355.609376
Epoch17                             0.000000                        4,355.609376
Epoch18                             0.000000                        4,355.609376
Epoch19                             0.000000                        4,355.609376
Epoch20                             0.000000                        4,355.609376
Epoch21                             0.000000                        4,355.609376
Epoch22                             0.000000                        4,355.609376
Epoch23                             0.000000                        4,355.609376
Epoch24                             0.000000                        4,355.609376
Epoch25                             0.000000                        4,355.609376
Epoch26                             0.000000                        4,355.609376
Epoch27                             0.000000                        4,355.609376
Epoch28                             0.000000                        4,355.609376
Epoch29                             0.000000                        4,355.609376
Epoch30                             0.000000                        4,355.609376
