Epoch#                               Rewards                   Total(Cumulative)
Epoch0                          1,163.734522                        1,163.734522
Epoch1                              0.000000                        1,163.734522
Epoch2                              0.000000                        1,163.734522
Epoch3                              0.000000                        1,163.734522
Epoch4                              0.000000                        1,163.734522
Epoch5                              0.000000                        1,163.734522
Epoch6                              0.000000                        1,163.734522
Epoch7                              0.000000                        1,163.734522
Epoch8                              0.000000                        1,163.734522
Epoch9                              0.000000                        1,163.734522
Epoch10                             0.000000                        1,163.734522
Epoch11                             0.000000                        1,163.734522
Epoch12                             0.000000                        1,163.734522
Epoch13                             0.000000                        1,163.734522
Epoch14                             0.000000                        1,163.734522
Epoch15                             0.000000                        1,163.734522
