Epoch#                               Rewards                   Total(Cumulative)
Epoch0                          1,163.802531                        1,163.802531
Epoch1                              0.231597                        1,164.034128
Epoch2                              0.045088                        1,164.079216
Epoch3                              0.000000                        1,164.079216
Epoch4                              0.104136                        1,164.183352
Epoch5                              0.000000                        1,164.183352
Epoch6                              0.000000                        1,164.183352
Epoch7                              0.000000                        1,164.183352
Epoch8                              0.000000                        1,164.183352
Epoch9                              0.000000                        1,164.183352
Epoch10                             0.144493                        1,164.327845
Epoch11                             0.000000                        1,164.327845
Epoch12                             0.000000                        1,164.327845
Epoch13                             0.000000                        1,164.327845
Epoch14                             0.000000                        1,164.327845
Epoch15                             0.000000                        1,164.327845
Epoch16                             0.000000                        1,164.327845
Epoch17                             0.000000                        1,164.327845
Epoch18                             0.000000                        1,164.327845
Epoch19                             0.000000                        1,164.327845
Epoch20                             0.000000                        1,164.327845
Epoch21                             0.000000                        1,164.327845
Epoch22                             0.000000                        1,164.327845
Epoch23                             0.000000                        1,164.327845
Epoch24                             0.000000                        1,164.327845
Epoch25                             0.000000                        1,164.327845
Epoch26                             0.000000                        1,164.327845
Epoch27                             0.000000                        1,164.327845
