Epoch#                               Rewards                   Total(Cumulative)
Epoch0                          1,163.510000                        1,163.510000
Epoch1                              0.000000                        1,163.510000
Epoch2                              0.013326                        1,163.523326
Epoch3                              0.000000                        1,163.523326
Epoch4                              0.000000                        1,163.523326
Epoch5                              0.000000                        1,163.523326
Epoch6                              0.000000                        1,163.523326
Epoch7                              0.000000                        1,163.523326
Epoch8                              0.000000                        1,163.523326
Epoch9                              0.000000                        1,163.523326
Epoch10                             0.000000                        1,163.523326
Epoch11                             0.000000                        1,163.523326
Epoch12                             0.000000                        1,163.523326
Epoch13                             0.000000                        1,163.523326
Epoch14                             0.000000                        1,163.523326
Epoch15                             0.000000                        1,163.523326
