Epoch#                               Rewards                   Total(Cumulative)
Epoch0                          1,163.597633                        1,163.597633
Epoch1                              0.000000                        1,163.597633
Epoch2                              0.000000                        1,163.597633
Epoch3                              0.000000                        1,163.597633
Epoch4                              0.000000                        1,163.597633
Epoch5                              0.000000                        1,163.597633
Epoch6                              0.000000                        1,163.597633
Epoch7                              0.000000                        1,163.597633
Epoch8                              0.000000                        1,163.597633
Epoch9                              0.000000                        1,163.597633
Epoch10                             0.000000                        1,163.597633
Epoch11                             0.000000                        1,163.597633
Epoch12                             0.000000                        1,163.597633
Epoch13                             0.000000                        1,163.597633
Epoch14                             0.000000                        1,163.597633
Epoch15                             0.000000                        1,163.597633
