Epoch#                               Rewards                   Total(Cumulative)
Epoch0                          1,168.037812                        1,168.037812
Epoch1                              2.029669                        1,170.067480
Epoch2                              7.142307                        1,177.209788
Epoch3                             12.516395                        1,189.726182
Epoch4                              8.212969                        1,197.939151
Epoch5                              2.121702                        1,200.060854
Epoch6                              1.363081                        1,201.423934
Epoch7                              1.567827                        1,202.991761
Epoch8                              1.527743                        1,204.519504
Epoch9                              2.640245                        1,207.159749
Epoch10                             2.524455                        1,209.684204
Epoch11                             3.452083                        1,213.136286
Epoch12                             0.704726                        1,213.841012
Epoch13                             0.000000                        1,213.841012
Epoch14                             0.000000                        1,213.841012
Epoch15                             0.000000                        1,213.841012
Epoch16                             0.000000                        1,213.841012
Epoch17                             0.000000                        1,213.841012
Epoch18                             0.000000                        1,213.841012
Epoch19                             0.000000                        1,213.841012
Epoch20                             0.000000                        1,213.841012
Epoch21                             0.000000                        1,213.841012
Epoch22                             0.000000                        1,213.841012
Epoch23                             0.000000                        1,213.841012
Epoch24                             0.000000                        1,213.841012
Epoch25                             0.000000                        1,213.841012
Epoch26                             0.000000                        1,213.841012
Epoch27                             0.000000                        1,213.841012
Epoch28                             0.000000                        1,213.841012
Epoch29                             0.000000                        1,213.841012
Epoch30                             0.000000                        1,213.841012
