Epoch#                               Rewards                   Total(Cumulative)
Epoch0                          1,163.849582                        1,163.849582
Epoch1                              0.000000                        1,163.849582
Epoch2                              0.000000                        1,163.849582
Epoch3                              0.000000                        1,163.849582
Epoch4                              0.000000                        1,163.849582
Epoch5                              0.000000                        1,163.849582
Epoch6                              0.000000                        1,163.849582
Epoch7                              0.000000                        1,163.849582
Epoch8                              0.000000                        1,163.849582
Epoch9                              0.000000                        1,163.849582
Epoch10                             0.000000                        1,163.849582
Epoch11                             0.000000                        1,163.849582
Epoch12                             0.000000                        1,163.849582
Epoch13                             0.000000                        1,163.849582
Epoch14                             0.000000                        1,163.849582
Epoch15                             0.000000                        1,163.849582
Epoch16                             0.000000                        1,163.849582
Epoch17                             0.000000                        1,163.849582
