Epoch#                               Rewards                   Total(Cumulative)
Epoch0                          9,529.860000                        9,529.860000
Epoch1                              0.000000                        9,529.860000
Epoch2                              0.000000                        9,529.860000
Epoch3                              0.000000                        9,529.860000
Epoch4                             13.836949                        9,543.696949
Epoch5                            251.188654                        9,794.885603
Epoch6                            116.723375                        9,911.608978
Epoch7                             85.974581                        9,997.583559
Epoch8                             49.964817                       10,047.548376
Epoch9                              2.773879                       10,050.322255
Epoch10                             0.000000                       10,050.322255
Epoch11                             0.000000                       10,050.322255
Epoch12                             0.000000                       10,050.322255
Epoch13                             0.000000                       10,050.322255
Epoch14                             0.000000                       10,050.322255
Epoch15                             0.000000                       10,050.322255
Epoch16                             0.000000                       10,050.322255
Epoch17                             0.000000                       10,050.322255
Epoch18                             0.000000                       10,050.322255
Epoch19                             0.000000                       10,050.322255
Epoch20                             0.000000                       10,050.322255
Epoch21                             0.000000                       10,050.322255
Epoch22                             0.000000                       10,050.322255
Epoch23                             0.000000                       10,050.322255
Epoch24                             0.000000                       10,050.322255
Epoch25                             0.000000                       10,050.322255
Epoch26                             0.000000                       10,050.322255
Epoch27                             0.000000                       10,050.322255
Epoch28                             0.000000                       10,050.322255
Epoch29                             0.000000                       10,050.322255
