Epoch#                               Rewards                   Total(Cumulative)
Epoch0                          4,363.637241                        4,363.637241
Epoch1                              5.817032                        4,369.454273
Epoch2                              0.000000                        4,369.454273
Epoch3                              1.046559                        4,370.500832
Epoch4                              0.049470                        4,370.550302
Epoch5                              0.000000                        4,370.550302
Epoch6                              0.000000                        4,370.550302
Epoch7                              0.000000                        4,370.550302
Epoch8                              0.000000                        4,370.550302
Epoch9                              0.000000                        4,370.550302
Epoch10                             0.000000                        4,370.550302
Epoch11                             0.000000                        4,370.550302
Epoch12                             0.000000                        4,370.550302
Epoch13                             0.000000                        4,370.550302
Epoch14                             0.000000                        4,370.550302
Epoch15                             0.000000                        4,370.550302
Epoch16                             0.000000                        4,370.550302
Epoch17                             0.000000                        4,370.550302
Epoch18                             0.000000                        4,370.550302
Epoch19                             0.000000                        4,370.550302
Epoch20                             0.000000                        4,370.550302
Epoch21                             0.000000                        4,370.550302
Epoch22                             0.000000                        4,370.550302
Epoch23                             0.000000                        4,370.550302
Epoch24                             0.000000                        4,370.550302
Epoch25                             0.000000                        4,370.550302
Epoch26                             0.000000                        4,370.550302
Epoch27                             0.000000                        4,370.550302
Epoch28                             0.000000                        4,370.550302
Epoch29                             0.000000                        4,370.550302
