Epoch#                               Rewards                   Total(Cumulative)
Epoch0                          4,350.135945                        4,350.135945
Epoch1                              0.000000                        4,350.135945
Epoch2                              0.000000                        4,350.135945
Epoch3                              0.000000                        4,350.135945
Epoch4                              0.000000                        4,350.135945
Epoch5                              0.000000                        4,350.135945
Epoch6                              0.000000                        4,350.135945
Epoch7                              0.000000                        4,350.135945
Epoch8                              0.000000                        4,350.135945
Epoch9                              0.000000                        4,350.135945
Epoch10                             0.000000                        4,350.135945
Epoch11                             0.000000                        4,350.135945
Epoch12                             0.000000                        4,350.135945
Epoch13                             0.000000                        4,350.135945
Epoch14                             0.000000                        4,350.135945
Epoch15                             0.000000                        4,350.135945
Epoch16                             0.000000                        4,350.135945
Epoch17                             0.000000                        4,350.135945
