Epoch#                               Rewards                   Total(Cumulative)
Epoch0                          4,357.729760                        4,357.729760
Epoch1                              0.000000                        4,357.729760
Epoch2                              0.000000                        4,357.729760
Epoch3                              0.000000                        4,357.729760
Epoch4                              0.000000                        4,357.729760
Epoch5                              0.000000                        4,357.729760
Epoch6                              0.000000                        4,357.729760
Epoch7                              0.000000                        4,357.729760
Epoch8                              0.000000                        4,357.729760
Epoch9                              0.000000                        4,357.729760
Epoch10                             0.000000                        4,357.729760
Epoch11                             0.000000                        4,357.729760
Epoch12                             0.000000                        4,357.729760
Epoch13                             0.000000                        4,357.729760
Epoch14                             0.000000                        4,357.729760
Epoch15                             0.000000                        4,357.729760
Epoch16                             0.000000                        4,357.729760
Epoch17                             0.000000                        4,357.729760
Epoch18                             0.000000                        4,357.729760
Epoch19                             0.000000                        4,357.729760
Epoch20                             0.000000                        4,357.729760
Epoch21                             0.000000                        4,357.729760
Epoch22                             0.000000                        4,357.729760
Epoch23                             0.000000                        4,357.729760
Epoch24                             0.000000                        4,357.729760
Epoch25                             0.000000                        4,357.729760
Epoch26                             0.000000                        4,357.729760
Epoch27                             0.000000                        4,357.729760
Epoch28                             0.000000                        4,357.729760
Epoch29                             0.000000                        4,357.729760
Epoch30                             0.329550                        4,358.059310
Epoch31                             0.000000                        4,358.059310
