Epoch#                               Rewards                   Total(Cumulative)
Epoch0                          1,163.908591                        1,163.908591
Epoch1                              0.313945                        1,164.222536
Epoch2                              0.000000                        1,164.222536
Epoch3                              0.000000                        1,164.222536
Epoch4                              0.000000                        1,164.222536
Epoch5                              0.000000                        1,164.222536
Epoch6                              0.000000                        1,164.222536
Epoch7                              0.000000                        1,164.222536
Epoch8                              0.000000                        1,164.222536
Epoch9                              0.000000                        1,164.222536
Epoch10                             0.000000                        1,164.222536
Epoch11                             0.000000                        1,164.222536
Epoch12                             0.000000                        1,164.222536
Epoch13                             0.000000                        1,164.222536
Epoch14                             0.000000                        1,164.222536
Epoch15                             0.000000                        1,164.222536
Epoch16                             0.000000                        1,164.222536
