Epoch#                               Rewards                   Total(Cumulative)
Epoch0                          1,345.547985                        1,345.547985
Epoch1                             44.801529                        1,390.349514
Epoch2                             67.486697                        1,457.836211
Epoch3                             93.769508                        1,551.605719
Epoch4                            104.397068                        1,656.002787
Epoch5                             16.316918                        1,672.319706
Epoch6                              0.000000                        1,672.319706
Epoch7                             16.223527                        1,688.543233
Epoch8                            103.320663                        1,791.863896
Epoch9                              0.462147                        1,792.326043
Epoch10                           282.360454                        2,074.686497
Epoch11                           773.060565                        2,847.747062
Epoch12                           527.339239                        3,375.086301
Epoch13                            93.459484                        3,468.545785
Epoch14                            31.388559                        3,499.934344
Epoch15                            10.621938                        3,510.556282
