Epoch#                               Rewards                   Total(Cumulative)
Epoch0                          1,334.841621                        1,334.841621
Epoch1                              9.055470                        1,343.897091
Epoch2                              1.176894                        1,345.073985
Epoch3                              0.000000                        1,345.073985
Epoch4                              0.000000                        1,345.073985
Epoch5                              0.000000                        1,345.073985
Epoch6                              0.000000                        1,345.073985
Epoch7                              0.000000                        1,345.073985
Epoch8                              0.000000                        1,345.073985
Epoch9                              0.000000                        1,345.073985
Epoch10                             0.000000                        1,345.073985
Epoch11                             0.000000                        1,345.073985
Epoch12                             0.009459                        1,345.083444
Epoch13                             0.000000                        1,345.083444
Epoch14                             0.000000                        1,345.083444
Epoch15                             0.000000                        1,345.083444
Epoch16                             0.000000                        1,345.083444
Epoch17                             0.000000                        1,345.083444
Epoch18                             0.000000                        1,345.083444
Epoch19                             0.000000                        1,345.083444
Epoch20                             0.000000                        1,345.083444
Epoch21                             0.000000                        1,345.083444
Epoch22                             0.000000                        1,345.083444
Epoch23                             0.000000                        1,345.083444
Epoch24                             0.000000                        1,345.083444
Epoch25                             0.000000                        1,345.083444
Epoch26                             0.000000                        1,345.083444
Epoch27                             0.000000                        1,345.083444
Epoch28                             0.000000                        1,345.083444
