Epoch#                               Rewards                   Total(Cumulative)
Epoch0                          4,385.215542                        4,385.215542
Epoch1                              0.000000                        4,385.215542
Epoch2                              0.000000                        4,385.215542
Epoch3                              0.000000                        4,385.215542
Epoch4                              0.000000                        4,385.215542
Epoch5                              0.000000                        4,385.215542
Epoch6                              0.000000                        4,385.215542
Epoch7                              0.000000                        4,385.215542
Epoch8                              0.000000                        4,385.215542
Epoch9                              0.000000                        4,385.215542
Epoch10                             0.000000                        4,385.215542
Epoch11                             0.000000                        4,385.215542
Epoch12                             0.000000                        4,385.215542
Epoch13                             0.000000                        4,385.215542
Epoch14                             0.000000                        4,385.215542
Epoch15                             0.000000                        4,385.215542
Epoch16                             0.000000                        4,385.215542
