Epoch#                               Rewards                   Total(Cumulative)
Epoch0                          1,101.685733                        1,101.685733
Epoch1                              0.000000                        1,101.685733
Epoch2                              0.000000                        1,101.685733
Epoch3                              0.000000                        1,101.685733
Epoch4                              0.000000                        1,101.685733
Epoch5                              0.000000                        1,101.685733
Epoch6                              0.000000                        1,101.685733
Epoch7                              0.000000                        1,101.685733
Epoch8                              0.000000                        1,101.685733
Epoch9                              0.000000                        1,101.685733
Epoch10                             0.000000                        1,101.685733
Epoch11                             0.000000                        1,101.685733
Epoch12                             0.000000                        1,101.685733
Epoch13                             0.000000                        1,101.685733
Epoch14                             0.000000                        1,101.685733
