Epoch#                               Rewards                   Total(Cumulative)
Epoch0                          1,164.189205                        1,164.189205
Epoch1                              0.000000                        1,164.189205
Epoch2                            251.403936                        1,415.593141
Epoch3                            106.385226                        1,521.978367
Epoch4                              0.000000                        1,521.978367
Epoch5                              0.000000                        1,521.978367
Epoch6                              0.000000                        1,521.978367
Epoch7                              0.000000                        1,521.978367
Epoch8                              0.000000                        1,521.978367
Epoch9                              0.000000                        1,521.978367
Epoch10                             0.000000                        1,521.978367
Epoch11                             0.000000                        1,521.978367
Epoch12                             0.000000                        1,521.978367
Epoch13                             0.000000                        1,521.978367
Epoch14                             0.000000                        1,521.978367
Epoch15                             0.000000                        1,521.978367
Epoch16                             0.000000                        1,521.978367
Epoch17                             0.000000                        1,521.978367
