Epoch#                               Rewards                   Total(Cumulative)
Epoch0                          6,431.165350                        6,431.165350
Epoch1                              0.000000                        6,431.165350
Epoch2                             19.929439                        6,451.094789
Epoch3                              0.000000                        6,451.094789
Epoch4                              0.000000                        6,451.094789
Epoch5                              0.000000                        6,451.094789
Epoch6                              0.000000                        6,451.094789
Epoch7                              0.000000                        6,451.094789
Epoch8                              0.000000                        6,451.094789
Epoch9                              0.000000                        6,451.094789
Epoch10                             0.000000                        6,451.094789
Epoch11                             0.000000                        6,451.094789
Epoch12                             0.000000                        6,451.094789
Epoch13                             0.000000                        6,451.094789
Epoch14                             0.000000                        6,451.094789
Epoch15                             0.000000                        6,451.094789
