Epoch#                               Rewards                   Total(Cumulative)
Epoch0                          1,163.910400                        1,163.910400
Epoch1                              0.000000                        1,163.910400
Epoch2                              0.000000                        1,163.910400
Epoch3                              0.000000                        1,163.910400
Epoch4                              0.000000                        1,163.910400
Epoch5                              0.000000                        1,163.910400
Epoch6                              0.000000                        1,163.910400
Epoch7                              0.000000                        1,163.910400
Epoch8                              0.000000                        1,163.910400
Epoch9                              0.000000                        1,163.910400
Epoch10                             0.000000                        1,163.910400
Epoch11                             0.000000                        1,163.910400
Epoch12                             0.000000                        1,163.910400
Epoch13                             0.000000                        1,163.910400
Epoch14                             0.000000                        1,163.910400
Epoch15                             0.000000                        1,163.910400
Epoch16                             0.000000                        1,163.910400
Epoch17                             0.000000                        1,163.910400
Epoch18                             0.000000                        1,163.910400
Epoch19                             0.000000                        1,163.910400
Epoch20                             0.000000                        1,163.910400
Epoch21                             0.000000                        1,163.910400
Epoch22                             0.000000                        1,163.910400
Epoch23                             0.000000                        1,163.910400
Epoch24                             0.000000                        1,163.910400
Epoch25                             0.000000                        1,163.910400
Epoch26                             0.000000                        1,163.910400
Epoch27                             0.000000                        1,163.910400
Epoch28                             0.000000                        1,163.910400
Epoch29                             0.000000                        1,163.910400
Epoch30                             0.000000                        1,163.910400
