Epoch#                               Rewards                   Total(Cumulative)
Epoch0                          1,165.144246                        1,165.144246
Epoch1                              0.000000                        1,165.144246
Epoch2                              0.000000                        1,165.144246
Epoch3                              0.000000                        1,165.144246
Epoch4                              0.000000                        1,165.144246
Epoch5                              0.000000                        1,165.144246
Epoch6                              0.000000                        1,165.144246
Epoch7                              0.000000                        1,165.144246
Epoch8                              0.000000                        1,165.144246
Epoch9                              0.000000                        1,165.144246
Epoch10                             0.000000                        1,165.144246
Epoch11                             0.000000                        1,165.144246
Epoch12                             0.000000                        1,165.144246
Epoch13                             0.000000                        1,165.144246
Epoch14                             0.000000                        1,165.144246
