Epoch#                               Rewards                   Total(Cumulative)
Epoch0                          1,164.857368                        1,164.857368
Epoch1                              7.429780                        1,172.287148
Epoch2                              0.000000                        1,172.287148
Epoch3                              0.000000                        1,172.287148
Epoch4                              0.000000                        1,172.287148
Epoch5                              0.000000                        1,172.287148
Epoch6                              0.000000                        1,172.287148
Epoch7                              0.000000                        1,172.287148
Epoch8                              0.000000                        1,172.287148
Epoch9                              0.000000                        1,172.287148
Epoch10                             0.000000                        1,172.287148
Epoch11                             0.000000                        1,172.287148
Epoch12                             0.000000                        1,172.287148
Epoch13                             0.000000                        1,172.287148
Epoch14                             0.000000                        1,172.287148
Epoch15                             0.000000                        1,172.287148
