Epoch#                               Rewards                   Total(Cumulative)
Epoch0                          1,164.431358                        1,164.431358
Epoch1                              0.000000                        1,164.431358
Epoch2                              0.179247                        1,164.610605
Epoch3                              0.000000                        1,164.610605
Epoch4                              0.286571                        1,164.897176
Epoch5                              0.000000                        1,164.897176
Epoch6                              0.000000                        1,164.897176
Epoch7                              0.000000                        1,164.897176
Epoch8                              0.000000                        1,164.897176
Epoch9                              0.000000                        1,164.897176
Epoch10                             0.000000                        1,164.897176
Epoch11                             0.000000                        1,164.897176
Epoch12                             0.000000                        1,164.897176
Epoch13                             0.000000                        1,164.897176
Epoch14                             0.000000                        1,164.897176
