Epoch#                               Rewards                   Total(Cumulative)
Epoch0                          1,164.800171                        1,164.800171
Epoch1                              0.294123                        1,165.094294
Epoch2                              0.189311                        1,165.283605
Epoch3                              0.000000                        1,165.283605
Epoch4                              0.000000                        1,165.283605
Epoch5                              0.000000                        1,165.283605
Epoch6                              0.000000                        1,165.283605
Epoch7                              0.000000                        1,165.283605
Epoch8                              0.000000                        1,165.283605
Epoch9                              0.000000                        1,165.283605
Epoch10                             0.000000                        1,165.283605
Epoch11                             0.000000                        1,165.283605
Epoch12                             0.000000                        1,165.283605
Epoch13                             0.000000                        1,165.283605
Epoch14                             0.000000                        1,165.283605
Epoch15                             0.000000                        1,165.283605
Epoch16                             0.000000                        1,165.283605
Epoch17                             0.000000                        1,165.283605
Epoch18                             0.000000                        1,165.283605
Epoch19                             0.000000                        1,165.283605
Epoch20                             0.000000                        1,165.283605
Epoch21                             0.000000                        1,165.283605
Epoch22                             0.000000                        1,165.283605
Epoch23                             0.000000                        1,165.283605
Epoch24                             0.000000                        1,165.283605
Epoch25                             0.000000                        1,165.283605
Epoch26                             0.000000                        1,165.283605
Epoch27                             0.000000                        1,165.283605
Epoch28                             0.000000                        1,165.283605
Epoch29                             0.000000                        1,165.283605
Epoch30                             0.000000                        1,165.283605
