Epoch#                               Rewards                   Total(Cumulative)
Epoch0                          1,163.510000                        1,163.510000
Epoch1                              0.511862                        1,164.021862
Epoch2                              0.000000                        1,164.021862
Epoch3                              0.000000                        1,164.021862
Epoch4                              0.000000                        1,164.021862
Epoch5                              0.000000                        1,164.021862
Epoch6                              0.000000                        1,164.021862
Epoch7                              0.000000                        1,164.021862
Epoch8                              0.000000                        1,164.021862
Epoch9                              0.000000                        1,164.021862
Epoch10                             0.000000                        1,164.021862
Epoch11                             0.000000                        1,164.021862
Epoch12                             0.000000                        1,164.021862
Epoch13                             0.000000                        1,164.021862
Epoch14                             0.000000                        1,164.021862
