Epoch#                               Rewards                   Total(Cumulative)
Epoch0                          4,411.311762                        4,411.311762
Epoch1                              2.851900                        4,414.163663
Epoch2                             13.905201                        4,428.068863
Epoch3                              0.000000                        4,428.068863
Epoch4                             16.178142                        4,444.247005
Epoch5                             34.744239                        4,478.991244
Epoch6                              0.000000                        4,478.991244
Epoch7                              0.000000                        4,478.991244
Epoch8                              0.000000                        4,478.991244
Epoch9                              0.000000                        4,478.991244
Epoch10                             0.000000                        4,478.991244
Epoch11                             0.000000                        4,478.991244
Epoch12                             0.000000                        4,478.991244
Epoch13                             0.000000                        4,478.991244
Epoch14                             0.000000                        4,478.991244
Epoch15                             0.000000                        4,478.991244
Epoch16                             0.000000                        4,478.991244
Epoch17                             0.000000                        4,478.991244
Epoch18                             0.000000                        4,478.991244
Epoch19                             0.000000                        4,478.991244
Epoch20                             0.000000                        4,478.991244
Epoch21                             0.000000                        4,478.991244
Epoch22                             0.000000                        4,478.991244
Epoch23                             0.000000                        4,478.991244
Epoch24                             0.000000                        4,478.991244
Epoch25                             0.000000                        4,478.991244
Epoch26                             0.000000                        4,478.991244
Epoch27                             0.000000                        4,478.991244
Epoch28                             0.000000                        4,478.991244
Epoch29                             0.000000                        4,478.991244
Epoch30                             0.000000                        4,478.991244
Epoch31                             0.000000                        4,478.991244
