Epoch#                               Rewards                   Total(Cumulative)
Epoch0                          4,352.070392                        4,352.070392
Epoch1                              0.000000                        4,352.070392
Epoch2                              0.000000                        4,352.070392
Epoch3                              0.000000                        4,352.070392
Epoch4                              0.000000                        4,352.070392
Epoch5                              0.000000                        4,352.070392
Epoch6                              0.000000                        4,352.070392
Epoch7                              0.000000                        4,352.070392
Epoch8                              0.000000                        4,352.070392
Epoch9                              0.000000                        4,352.070392
Epoch10                             0.000000                        4,352.070392
Epoch11                             0.000000                        4,352.070392
Epoch12                             0.000000                        4,352.070392
Epoch13                             0.000000                        4,352.070392
Epoch14                             0.000000                        4,352.070392
Epoch15                             0.000000                        4,352.070392
Epoch16                             0.000000                        4,352.070392
Epoch17                             0.000000                        4,352.070392
