Epoch#                               Rewards                   Total(Cumulative)
Epoch0                          1,163.703669                        1,163.703669
Epoch1                              0.000000                        1,163.703669
Epoch2                              0.402995                        1,164.106664
Epoch3                              0.884041                        1,164.990705
Epoch4                              0.000000                        1,164.990705
Epoch5                              0.000000                        1,164.990705
Epoch6                              0.000000                        1,164.990705
Epoch7                              0.000000                        1,164.990705
Epoch8                             13.954279                        1,178.944985
Epoch9                             69.564111                        1,248.509095
Epoch10                             9.020627                        1,257.529722
Epoch11                             4.028085                        1,261.557807
Epoch12                             3.482232                        1,265.040039
Epoch13                             0.000000                        1,265.040039
Epoch14                             0.000000                        1,265.040039
