Epoch#                               Rewards                   Total(Cumulative)
Epoch0                          1,164.554341                        1,164.554341
Epoch1                              0.000000                        1,164.554341
Epoch2                              0.000000                        1,164.554341
Epoch3                              0.000000                        1,164.554341
Epoch4                              0.000000                        1,164.554341
Epoch5                              0.000000                        1,164.554341
Epoch6                              0.000000                        1,164.554341
Epoch7                              0.000000                        1,164.554341
Epoch8                              0.000000                        1,164.554341
Epoch9                              0.000000                        1,164.554341
Epoch10                             0.000000                        1,164.554341
Epoch11                             0.000000                        1,164.554341
Epoch12                             0.000000                        1,164.554341
Epoch13                             0.000000                        1,164.554341
Epoch14                             0.000000                        1,164.554341
Epoch15                             0.000000                        1,164.554341
Epoch16                             0.000000                        1,164.554341
Epoch17                             0.000000                        1,164.554341
Epoch18                             0.000000                        1,164.554341
Epoch19                             0.000000                        1,164.554341
Epoch20                             0.000000                        1,164.554341
Epoch21                             0.000000                        1,164.554341
Epoch22                             0.000000                        1,164.554341
Epoch23                             0.000000                        1,164.554341
Epoch24                             0.000000                        1,164.554341
Epoch25                             0.000000                        1,164.554341
Epoch26                             0.000000                        1,164.554341
Epoch27                             0.000000                        1,164.554341
Epoch28                             0.000000                        1,164.554341
Epoch29                             0.000000                        1,164.554341
Epoch30                             0.000000                        1,164.554341
