Epoch#                               Rewards                   Total(Cumulative)
Epoch0                          4,380.273401                        4,380.273401
Epoch1                              9.463893                        4,389.737295
Epoch2                             12.259289                        4,401.996583
Epoch3                              5.169891                        4,407.166475
Epoch4                              0.000000                        4,407.166475
Epoch5                              0.000000                        4,407.166475
Epoch6                              0.000000                        4,407.166475
Epoch7                              0.000000                        4,407.166475
Epoch8                              0.000000                        4,407.166475
Epoch9                              8.623671                        4,415.790146
Epoch10                            25.925420                        4,441.715566
Epoch11                            33.962979                        4,475.678545
Epoch12                            19.147747                        4,494.826292
Epoch13                             0.000000                        4,494.826292
Epoch14                             0.000000                        4,494.826292
