Epoch#                               Rewards                   Total(Cumulative)
Epoch0                          6,413.910000                        6,413.910000
Epoch1                              0.000000                        6,413.910000
Epoch2                              0.000000                        6,413.910000
Epoch3                              0.000000                        6,413.910000
Epoch4                              0.000000                        6,413.910000
Epoch5                              0.000000                        6,413.910000
Epoch6                              0.000000                        6,413.910000
Epoch7                              1.556401                        6,415.466401
Epoch8                              2.695018                        6,418.161419
Epoch9                             10.424367                        6,428.585786
Epoch10                             0.000000                        6,428.585786
Epoch11                             0.000000                        6,428.585786
Epoch12                             0.000000                        6,428.585786
Epoch13                             0.000000                        6,428.585786
Epoch14                             0.000000                        6,428.585786
Epoch15                             0.000000                        6,428.585786
Epoch16                             0.000000                        6,428.585786
