Epoch#                               Rewards                   Total(Cumulative)
Epoch0                          1,163.582410                        1,163.582410
Epoch1                              0.000000                        1,163.582410
Epoch2                              0.000000                        1,163.582410
Epoch3                              0.000000                        1,163.582410
Epoch4                              0.000000                        1,163.582410
Epoch5                              0.000000                        1,163.582410
Epoch6                              0.000000                        1,163.582410
Epoch7                              0.000000                        1,163.582410
Epoch8                              0.000000                        1,163.582410
Epoch9                              0.000000                        1,163.582410
Epoch10                             0.000000                        1,163.582410
Epoch11                             0.000000                        1,163.582410
Epoch12                             0.000000                        1,163.582410
Epoch13                             0.000000                        1,163.582410
Epoch14                             0.000000                        1,163.582410
