Epoch#                               Rewards                   Total(Cumulative)
Epoch0                          1,163.716549                        1,163.716549
Epoch1                              0.000000                        1,163.716549
Epoch2                              0.000000                        1,163.716549
Epoch3                              0.000000                        1,163.716549
Epoch4                              0.000000                        1,163.716549
Epoch5                              0.000000                        1,163.716549
Epoch6                              0.000000                        1,163.716549
Epoch7                              0.000000                        1,163.716549
Epoch8                              0.000000                        1,163.716549
Epoch9                              0.000000                        1,163.716549
Epoch10                             0.000000                        1,163.716549
Epoch11                             0.000000                        1,163.716549
Epoch12                             0.000000                        1,163.716549
Epoch13                             0.000000                        1,163.716549
Epoch14                             0.000000                        1,163.716549
Epoch15                             0.000000                        1,163.716549
Epoch16                             0.000000                        1,163.716549
Epoch17                             0.000000                        1,163.716549
Epoch18                             0.000000                        1,163.716549
Epoch19                             0.000000                        1,163.716549
Epoch20                             0.000000                        1,163.716549
Epoch21                             0.000000                        1,163.716549
Epoch22                             0.000000                        1,163.716549
Epoch23                             0.000000                        1,163.716549
Epoch24                             0.000000                        1,163.716549
Epoch25                             0.000000                        1,163.716549
Epoch26                             0.000000                        1,163.716549
Epoch27                             0.000000                        1,163.716549
Epoch28                             0.000000                        1,163.716549
