Epoch#                               Rewards                   Total(Cumulative)
Epoch0                          1,163.510000                        1,163.510000
Epoch1                              0.033266                        1,163.543266
Epoch2                              0.000000                        1,163.543266
Epoch3                              0.000000                        1,163.543266
Epoch4                              0.000000                        1,163.543266
Epoch5                              0.000000                        1,163.543266
Epoch6                              0.000000                        1,163.543266
Epoch7                              0.000000                        1,163.543266
Epoch8                              0.000000                        1,163.543266
Epoch9                              0.000000                        1,163.543266
Epoch10                             0.623728                        1,164.166994
Epoch11                            10.185977                        1,174.352970
Epoch12                             2.661059                        1,177.014029
Epoch13                             0.000000                        1,177.014029
Epoch14                             0.000000                        1,177.014029
Epoch15                             0.000000                        1,177.014029
Epoch16                             0.000000                        1,177.014029
Epoch17                             0.000000                        1,177.014029
