Epoch#                               Rewards                   Total(Cumulative)
Epoch0                          1,163.746736                        1,163.746736
Epoch1                              2.547250                        1,166.293986
Epoch2                              0.000000                        1,166.293986
Epoch3                              0.000000                        1,166.293986
Epoch4                              0.000000                        1,166.293986
Epoch5                              0.000000                        1,166.293986
Epoch6                              0.000000                        1,166.293986
Epoch7                              0.000000                        1,166.293986
Epoch8                              0.000000                        1,166.293986
Epoch9                              0.000000                        1,166.293986
Epoch10                             0.000000                        1,166.293986
Epoch11                             0.000000                        1,166.293986
Epoch12                             0.000000                        1,166.293986
Epoch13                             0.000000                        1,166.293986
Epoch14                             0.000000                        1,166.293986
Epoch15                             0.000000                        1,166.293986
