Epoch#                               Rewards                   Total(Cumulative)
Epoch0                          1,163.687922                        1,163.687922
Epoch1                              0.000000                        1,163.687922
Epoch2                              0.000000                        1,163.687922
Epoch3                              0.000000                        1,163.687922
Epoch4                              0.000000                        1,163.687922
Epoch5                              0.000000                        1,163.687922
Epoch6                              0.000000                        1,163.687922
Epoch7                              0.000000                        1,163.687922
Epoch8                              0.000000                        1,163.687922
Epoch9                              0.000000                        1,163.687922
Epoch10                             0.000000                        1,163.687922
Epoch11                             0.000000                        1,163.687922
Epoch12                             0.000000                        1,163.687922
Epoch13                             0.000000                        1,163.687922
Epoch14                             0.000000                        1,163.687922
Epoch15                             0.000000                        1,163.687922
Epoch16                             0.000000                        1,163.687922
Epoch17                             0.000000                        1,163.687922
Epoch18                             0.000000                        1,163.687922
Epoch19                             0.000000                        1,163.687922
Epoch20                             0.000000                        1,163.687922
Epoch21                             0.000000                        1,163.687922
Epoch22                             0.000000                        1,163.687922
Epoch23                             0.000000                        1,163.687922
Epoch24                             0.000000                        1,163.687922
Epoch25                             0.000000                        1,163.687922
Epoch26                             0.000000                        1,163.687922
Epoch27                             0.000000                        1,163.687922
Epoch28                             0.000000                        1,163.687922
