Epoch#                               Rewards                   Total(Cumulative)
Epoch0                          1,164.377784                        1,164.377784
Epoch1                              4.834620                        1,169.212403
Epoch2                              0.000000                        1,169.212403
Epoch3                              0.000000                        1,169.212403
Epoch4                              0.000000                        1,169.212403
Epoch5                              0.000000                        1,169.212403
Epoch6                              0.000000                        1,169.212403
Epoch7                              0.000000                        1,169.212403
Epoch8                              0.000000                        1,169.212403
Epoch9                              0.000000                        1,169.212403
Epoch10                             0.000000                        1,169.212403
Epoch11                             0.000000                        1,169.212403
Epoch12                             0.000000                        1,169.212403
Epoch13                             0.000000                        1,169.212403
Epoch14                             0.000000                        1,169.212403
Epoch15                             0.000000                        1,169.212403
Epoch16                             0.000000                        1,169.212403
Epoch17                             0.000000                        1,169.212403
Epoch18                             0.000000                        1,169.212403
Epoch19                             0.000000                        1,169.212403
Epoch20                             0.000000                        1,169.212403
Epoch21                             0.000000                        1,169.212403
Epoch22                             0.000000                        1,169.212403
Epoch23                             0.000000                        1,169.212403
Epoch24                             0.000000                        1,169.212403
Epoch25                             0.000000                        1,169.212403
Epoch26                             0.000000                        1,169.212403
Epoch27                             0.000000                        1,169.212403
