Epoch#                               Rewards                   Total(Cumulative)
Epoch0                          1,165.663476                        1,165.663476
Epoch1                              0.068864                        1,165.732340
Epoch2                              0.305677                        1,166.038017
Epoch3                              0.018071                        1,166.056088
Epoch4                              3.318318                        1,169.374406
Epoch5                              0.000000                        1,169.374406
Epoch6                              0.459708                        1,169.834114
Epoch7                              0.000000                        1,169.834114
Epoch8                              0.000000                        1,169.834114
Epoch9                              0.000000                        1,169.834114
Epoch10                             1.437808                        1,171.271922
Epoch11                             0.000000                        1,171.271922
Epoch12                             0.000000                        1,171.271922
Epoch13                             0.000000                        1,171.271922
Epoch14                             0.000000                        1,171.271922
Epoch15                             0.000000                        1,171.271922
