Epoch#                               Rewards                   Total(Cumulative)
Epoch0                          1,164.952151                        1,164.952151
Epoch1                              0.000000                        1,164.952151
Epoch2                              0.000000                        1,164.952151
Epoch3                              0.000000                        1,164.952151
Epoch4                              0.000000                        1,164.952151
Epoch5                              0.000000                        1,164.952151
Epoch6                              0.000000                        1,164.952151
Epoch7                              0.000000                        1,164.952151
Epoch8                              0.000000                        1,164.952151
Epoch9                              0.000000                        1,164.952151
Epoch10                             0.000000                        1,164.952151
Epoch11                             0.000000                        1,164.952151
Epoch12                             0.000000                        1,164.952151
Epoch13                             0.000000                        1,164.952151
Epoch14                             0.000000                        1,164.952151
Epoch15                             0.000000                        1,164.952151
Epoch16                             0.000000                        1,164.952151
Epoch17                             0.000000                        1,164.952151
Epoch18                             0.000000                        1,164.952151
Epoch19                             0.000000                        1,164.952151
Epoch20                             0.000000                        1,164.952151
Epoch21                             0.000000                        1,164.952151
Epoch22                             0.000000                        1,164.952151
Epoch23                             0.000000                        1,164.952151
Epoch24                             0.000000                        1,164.952151
Epoch25                             0.000000                        1,164.952151
Epoch26                             0.000000                        1,164.952151
Epoch27                             0.000000                        1,164.952151
Epoch28                             0.000000                        1,164.952151
Epoch29                             0.000000                        1,164.952151
Epoch30                             0.000000                        1,164.952151
