Epoch#                               Rewards                   Total(Cumulative)
Epoch0                              0.000000                            0.000000
Epoch1                          1,946.901158                        1,946.901158
Epoch2                            421.734973                        2,368.636132
Epoch3                              0.000000                        2,368.636132
Epoch4                              0.000000                        2,368.636132
Epoch5                              0.000000                        2,368.636132
Epoch6                              0.000000                        2,368.636132
Epoch7                              0.000000                        2,368.636132
Epoch8                              0.000000                        2,368.636132
Epoch9                              0.000000                        2,368.636132
Epoch10                             0.000000                        2,368.636132
Epoch11                             0.000000                        2,368.636132
Epoch12                             0.000000                        2,368.636132
Epoch13                             0.000000                        2,368.636132
Epoch14                             0.000000                        2,368.636132
Epoch15                             0.000000                        2,368.636132
