Epoch#                               Rewards                   Total(Cumulative)
Epoch0                          1,164.435117                        1,164.435117
Epoch1                              1.957410                        1,166.392527
Epoch2                              0.000000                        1,166.392527
Epoch3                              0.000000                        1,166.392527
Epoch4                              0.000000                        1,166.392527
Epoch5                              0.000000                        1,166.392527
Epoch6                              0.000000                        1,166.392527
Epoch7                              0.000000                        1,166.392527
Epoch8                              0.000000                        1,166.392527
Epoch9                              0.000000                        1,166.392527
Epoch10                             0.000000                        1,166.392527
Epoch11                             0.000000                        1,166.392527
Epoch12                             0.000000                        1,166.392527
Epoch13                             0.000000                        1,166.392527
Epoch14                             0.000000                        1,166.392527
Epoch15                             0.000000                        1,166.392527
Epoch16                             0.000000                        1,166.392527
Epoch17                             0.000000                        1,166.392527
