Epoch#                               Rewards                   Total(Cumulative)
Epoch0                          1,163.510000                        1,163.510000
Epoch1                              1.440038                        1,164.950038
Epoch2                              0.000000                        1,164.950038
Epoch3                              0.000000                        1,164.950038
Epoch4                              0.000000                        1,164.950038
Epoch5                              0.000000                        1,164.950038
Epoch6                              0.000000                        1,164.950038
Epoch7                              0.000000                        1,164.950038
Epoch8                              0.000000                        1,164.950038
Epoch9                              0.000000                        1,164.950038
Epoch10                             0.000000                        1,164.950038
Epoch11                             0.000000                        1,164.950038
Epoch12                             0.000000                        1,164.950038
Epoch13                             0.000000                        1,164.950038
Epoch14                             0.000000                        1,164.950038
