Epoch#                               Rewards                   Total(Cumulative)
Epoch0                          6,421.452505                        6,421.452505
Epoch1                              0.000000                        6,421.452505
Epoch2                              0.000000                        6,421.452505
Epoch3                              0.434904                        6,421.887409
Epoch4                             39.219930                        6,461.107339
Epoch5                             93.899386                        6,555.006725
Epoch6                              0.729104                        6,555.735830
Epoch7                              0.000000                        6,555.735830
Epoch8                              4.994602                        6,560.730431
Epoch9                              0.000000                        6,560.730431
Epoch10                             0.000000                        6,560.730431
Epoch11                             1.373664                        6,562.104095
Epoch12                             0.000000                        6,562.104095
Epoch13                             0.000000                        6,562.104095
Epoch14                             0.000000                        6,562.104095
Epoch15                             0.000000                        6,562.104095
