Epoch#                               Rewards                   Total(Cumulative)
Epoch0                          1,163.671764                        1,163.671764
Epoch1                              0.069560                        1,163.741324
Epoch2                              0.033698                        1,163.775021
Epoch3                              0.000000                        1,163.775021
Epoch4                              0.000000                        1,163.775021
Epoch5                              0.000000                        1,163.775021
Epoch6                              0.000000                        1,163.775021
Epoch7                              0.000000                        1,163.775021
Epoch8                              0.000000                        1,163.775021
Epoch9                              0.000000                        1,163.775021
Epoch10                             0.000000                        1,163.775021
Epoch11                             0.000000                        1,163.775021
Epoch12                             0.000000                        1,163.775021
Epoch13                             0.000000                        1,163.775021
Epoch14                             0.000000                        1,163.775021
Epoch15                             0.000000                        1,163.775021
Epoch16                             0.000000                        1,163.775021
Epoch17                             0.000000                        1,163.775021
Epoch18                             0.000000                        1,163.775021
Epoch19                             0.000000                        1,163.775021
Epoch20                             0.000000                        1,163.775021
Epoch21                             0.000000                        1,163.775021
Epoch22                             0.000000                        1,163.775021
Epoch23                             0.000000                        1,163.775021
Epoch24                             0.000000                        1,163.775021
Epoch25                             0.000000                        1,163.775021
Epoch26                             0.000000                        1,163.775021
Epoch27                             0.000000                        1,163.775021
