Epoch#                               Rewards                   Total(Cumulative)
Epoch0                          6,418.330803                        6,418.330803
Epoch1                              0.000000                        6,418.330803
Epoch2                              0.000000                        6,418.330803
Epoch3                              0.000000                        6,418.330803
Epoch4                              0.000000                        6,418.330803
Epoch5                              0.000000                        6,418.330803
Epoch6                              0.000000                        6,418.330803
Epoch7                              0.000000                        6,418.330803
Epoch8                              0.000000                        6,418.330803
Epoch9                              0.000000                        6,418.330803
Epoch10                             0.000000                        6,418.330803
Epoch11                             0.000000                        6,418.330803
Epoch12                             0.000000                        6,418.330803
Epoch13                             0.000000                        6,418.330803
Epoch14                             0.000000                        6,418.330803
Epoch15                             0.000000                        6,418.330803
Epoch16                             0.000000                        6,418.330803
Epoch17                             0.000000                        6,418.330803
Epoch18                             0.000000                        6,418.330803
Epoch19                             0.000000                        6,418.330803
Epoch20                             0.000000                        6,418.330803
Epoch21                             0.000000                        6,418.330803
Epoch22                             0.000000                        6,418.330803
Epoch23                             0.000000                        6,418.330803
Epoch24                             0.000000                        6,418.330803
Epoch25                             0.000000                        6,418.330803
Epoch26                             0.000000                        6,418.330803
Epoch27                             0.000000                        6,418.330803
Epoch28                             0.000000                        6,418.330803
Epoch29                             0.000000                        6,418.330803
Epoch30                             0.000000                        6,418.330803
