Epoch#                               Rewards                   Total(Cumulative)
Epoch0                          4,351.036631                        4,351.036631
Epoch1                              0.000000                        4,351.036631
Epoch2                              0.000000                        4,351.036631
Epoch3                              0.000000                        4,351.036631
Epoch4                              0.000000                        4,351.036631
Epoch5                              0.000000                        4,351.036631
Epoch6                              0.000000                        4,351.036631
Epoch7                              0.000000                        4,351.036631
Epoch8                              0.000000                        4,351.036631
Epoch9                              0.000000                        4,351.036631
Epoch10                             7.134861                        4,358.171492
Epoch11                             0.000000                        4,358.171492
Epoch12                             0.000000                        4,358.171492
Epoch13                             0.000000                        4,358.171492
Epoch14                             0.000000                        4,358.171492
Epoch15                             0.000000                        4,358.171492
