Epoch#                               Rewards                   Total(Cumulative)
Epoch0                              0.000000                            0.000000
Epoch1                          1,188.460503                        1,188.460503
Epoch2                            262.943489                        1,451.403992
Epoch3                              0.000000                        1,451.403992
Epoch4                              0.000000                        1,451.403992
Epoch5                              0.000000                        1,451.403992
Epoch6                            307.643657                        1,759.047649
Epoch7                            754.513190                        2,513.560840
Epoch8                              0.000000                        2,513.560840
Epoch9                              0.000000                        2,513.560840
Epoch10                             0.000000                        2,513.560840
Epoch11                             0.000000                        2,513.560840
Epoch12                             0.000000                        2,513.560840
Epoch13                             0.000000                        2,513.560840
Epoch14                             0.000000                        2,513.560840
Epoch15                             0.000000                        2,513.560840
Epoch16                             0.000000                        2,513.560840
Epoch17                             0.000000                        2,513.560840
Epoch18                             0.000000                        2,513.560840
Epoch19                             0.000000                        2,513.560840
Epoch20                             0.000000                        2,513.560840
Epoch21                             0.000000                        2,513.560840
Epoch22                             0.000000                        2,513.560840
Epoch23                             0.000000                        2,513.560840
Epoch24                             0.000000                        2,513.560840
Epoch25                             0.000000                        2,513.560840
Epoch26                             0.000000                        2,513.560840
Epoch27                             0.000000                        2,513.560840
Epoch28                             0.000000                        2,513.560840
Epoch29                             0.000000                        2,513.560840
