Epoch#                               Rewards                   Total(Cumulative)
Epoch0                          1,165.171609                        1,165.171609
Epoch1                              0.000000                        1,165.171609
Epoch2                              0.000000                        1,165.171609
Epoch3                              0.000000                        1,165.171609
Epoch4                              0.000000                        1,165.171609
Epoch5                              0.000000                        1,165.171609
Epoch6                              0.000000                        1,165.171609
Epoch7                              0.000000                        1,165.171609
Epoch8                              0.000000                        1,165.171609
Epoch9                              0.000000                        1,165.171609
Epoch10                             0.000000                        1,165.171609
Epoch11                             0.000000                        1,165.171609
Epoch12                             0.000000                        1,165.171609
Epoch13                             0.000000                        1,165.171609
Epoch14                             0.000000                        1,165.171609
Epoch15                             0.000000                        1,165.171609
