Epoch#                               Rewards                   Total(Cumulative)
Epoch0                          4,349.630000                        4,349.630000
Epoch1                              0.000000                        4,349.630000
Epoch2                              0.000000                        4,349.630000
Epoch3                              0.000000                        4,349.630000
Epoch4                             19.377956                        4,369.007956
Epoch5                              0.000000                        4,369.007956
Epoch6                              0.000000                        4,369.007956
Epoch7                              9.777136                        4,378.785092
Epoch8                              0.000000                        4,378.785092
Epoch9                              0.000000                        4,378.785092
Epoch10                             0.000000                        4,378.785092
Epoch11                             0.000000                        4,378.785092
Epoch12                             0.000000                        4,378.785092
Epoch13                             0.000000                        4,378.785092
Epoch14                             0.000000                        4,378.785092
Epoch15                             0.000000                        4,378.785092
Epoch16                             0.000000                        4,378.785092
Epoch17                             0.000000                        4,378.785092
Epoch18                             0.000000                        4,378.785092
Epoch19                             0.000000                        4,378.785092
Epoch20                             0.000000                        4,378.785092
Epoch21                             0.000000                        4,378.785092
Epoch22                             0.000000                        4,378.785092
Epoch23                             0.000000                        4,378.785092
Epoch24                             0.000000                        4,378.785092
Epoch25                             0.000000                        4,378.785092
Epoch26                             0.000000                        4,378.785092
Epoch27                             0.000000                        4,378.785092
Epoch28                             0.000000                        4,378.785092
Epoch29                             0.000000                        4,378.785092
