Epoch#                               Rewards                   Total(Cumulative)
Epoch0                          1,136.967079                        1,136.967079
Epoch1                              0.000000                        1,136.967079
Epoch2                              0.000000                        1,136.967079
Epoch3                              0.000000                        1,136.967079
Epoch4                              0.000000                        1,136.967079
Epoch5                              0.000000                        1,136.967079
Epoch6                              0.000000                        1,136.967079
Epoch7                              0.000000                        1,136.967079
Epoch8                              0.000000                        1,136.967079
Epoch9                              0.000000                        1,136.967079
Epoch10                             0.000000                        1,136.967079
Epoch11                             0.000000                        1,136.967079
Epoch12                             0.000000                        1,136.967079
Epoch13                             0.000000                        1,136.967079
Epoch14                             0.000000                        1,136.967079
