Epoch#                               Rewards                   Total(Cumulative)
Epoch0                          1,163.539285                        1,163.539285
Epoch1                              0.000000                        1,163.539285
Epoch2                              0.000000                        1,163.539285
Epoch3                              0.000000                        1,163.539285
Epoch4                              0.000000                        1,163.539285
Epoch5                              0.000000                        1,163.539285
Epoch6                              0.000000                        1,163.539285
Epoch7                              0.000000                        1,163.539285
Epoch8                              0.000000                        1,163.539285
Epoch9                              0.000000                        1,163.539285
Epoch10                             0.000000                        1,163.539285
Epoch11                             0.000000                        1,163.539285
Epoch12                             0.000000                        1,163.539285
Epoch13                             0.000000                        1,163.539285
Epoch14                             0.000000                        1,163.539285
