Epoch#                               Rewards                   Total(Cumulative)
Epoch0                          1,163.510000                        1,163.510000
Epoch1                              0.000000                        1,163.510000
Epoch2                              0.380005                        1,163.890005
Epoch3                              0.000000                        1,163.890005
Epoch4                              0.000000                        1,163.890005
Epoch5                              0.000000                        1,163.890005
Epoch6                              0.000000                        1,163.890005
Epoch7                              0.000000                        1,163.890005
Epoch8                              0.000000                        1,163.890005
Epoch9                              0.000000                        1,163.890005
Epoch10                             0.000000                        1,163.890005
Epoch11                             0.000000                        1,163.890005
Epoch12                             0.000000                        1,163.890005
Epoch13                             0.000000                        1,163.890005
Epoch14                             0.000000                        1,163.890005
Epoch15                             0.000000                        1,163.890005
