Epoch#                               Rewards                   Total(Cumulative)
Epoch0                          1,165.116782                        1,165.116782
Epoch1                             23.740865                        1,188.857647
Epoch2                              9.086314                        1,197.943961
Epoch3                              0.446286                        1,198.390247
Epoch4                              0.000000                        1,198.390247
Epoch5                              0.000000                        1,198.390247
Epoch6                              0.000000                        1,198.390247
Epoch7                              0.000000                        1,198.390247
Epoch8                              0.000000                        1,198.390247
Epoch9                              0.000000                        1,198.390247
Epoch10                             0.208397                        1,198.598644
Epoch11                             0.000000                        1,198.598644
Epoch12                             0.000000                        1,198.598644
Epoch13                             0.000000                        1,198.598644
Epoch14                             0.000000                        1,198.598644
Epoch15                             0.000000                        1,198.598644
Epoch16                             0.000000                        1,198.598644
Epoch17                             0.000000                        1,198.598644
Epoch18                             0.000000                        1,198.598644
Epoch19                             0.000000                        1,198.598644
Epoch20                             0.000000                        1,198.598644
Epoch21                             0.000000                        1,198.598644
Epoch22                             0.000000                        1,198.598644
Epoch23                             0.000000                        1,198.598644
Epoch24                             0.000000                        1,198.598644
Epoch25                             0.000000                        1,198.598644
Epoch26                             0.000000                        1,198.598644
Epoch27                             0.000000                        1,198.598644
Epoch28                             0.000000                        1,198.598644
Epoch29                             0.000000                        1,198.598644
