Epoch#                               Rewards                   Total(Cumulative)
Epoch0                          6,416.386416                        6,416.386416
Epoch1                              0.000000                        6,416.386416
Epoch2                              0.000000                        6,416.386416
Epoch3                              0.000000                        6,416.386416
Epoch4                              0.000000                        6,416.386416
Epoch5                              0.000000                        6,416.386416
Epoch6                              0.000000                        6,416.386416
Epoch7                              0.000000                        6,416.386416
Epoch8                              0.000000                        6,416.386416
Epoch9                              0.000000                        6,416.386416
Epoch10                             0.000000                        6,416.386416
Epoch11                             0.000000                        6,416.386416
Epoch12                             0.000000                        6,416.386416
Epoch13                             0.000000                        6,416.386416
Epoch14                             0.000000                        6,416.386416
Epoch15                             0.000000                        6,416.386416
Epoch16                             0.000000                        6,416.386416
Epoch17                             0.000000                        6,416.386416
