Epoch#                               Rewards                   Total(Cumulative)
Epoch0                          1,166.641278                        1,166.641278
Epoch1                              0.000000                        1,166.641278
Epoch2                              0.000000                        1,166.641278
Epoch3                              0.000000                        1,166.641278
Epoch4                              0.000000                        1,166.641278
Epoch5                              0.000000                        1,166.641278
Epoch6                              0.000000                        1,166.641278
Epoch7                              0.000000                        1,166.641278
Epoch8                              0.000000                        1,166.641278
Epoch9                              0.000000                        1,166.641278
Epoch10                             0.000000                        1,166.641278
Epoch11                             0.000000                        1,166.641278
Epoch12                             0.000000                        1,166.641278
Epoch13                             0.000000                        1,166.641278
Epoch14                             0.000000                        1,166.641278
Epoch15                             0.000000                        1,166.641278
Epoch16                             0.000000                        1,166.641278
