Epoch#                               Rewards                   Total(Cumulative)
Epoch0                          6,422.656731                        6,422.656731
Epoch1                              0.000000                        6,422.656731
Epoch2                              0.000000                        6,422.656731
Epoch3                              0.000000                        6,422.656731
Epoch4                              0.000000                        6,422.656731
Epoch5                              0.000000                        6,422.656731
Epoch6                              0.000000                        6,422.656731
Epoch7                              0.000000                        6,422.656731
Epoch8                              0.000000                        6,422.656731
Epoch9                              0.000000                        6,422.656731
Epoch10                             0.000000                        6,422.656731
Epoch11                             0.000000                        6,422.656731
Epoch12                             0.000000                        6,422.656731
Epoch13                             0.000000                        6,422.656731
Epoch14                             0.000000                        6,422.656731
Epoch15                             0.000000                        6,422.656731
Epoch16                             0.000000                        6,422.656731
Epoch17                             0.000000                        6,422.656731
Epoch18                             0.000000                        6,422.656731
Epoch19                             0.000000                        6,422.656731
Epoch20                             0.000000                        6,422.656731
Epoch21                             0.000000                        6,422.656731
Epoch22                             0.000000                        6,422.656731
Epoch23                             0.000000                        6,422.656731
Epoch24                             0.000000                        6,422.656731
Epoch25                             0.000000                        6,422.656731
Epoch26                             0.000000                        6,422.656731
Epoch27                             0.000000                        6,422.656731
Epoch28                             0.000000                        6,422.656731
