Epoch#                               Rewards                   Total(Cumulative)
Epoch0                            293.361406                          293.361406
Epoch1                          2,446.071827                        2,739.433232
Epoch2                             15.365492                        2,754.798724
Epoch3                              0.000000                        2,754.798724
Epoch4                              0.000000                        2,754.798724
Epoch5                              0.000000                        2,754.798724
Epoch6                              0.000000                        2,754.798724
Epoch7                              0.000000                        2,754.798724
Epoch8                              0.000000                        2,754.798724
Epoch9                              0.000000                        2,754.798724
Epoch10                             0.000000                        2,754.798724
Epoch11                             0.000000                        2,754.798724
Epoch12                             0.000000                        2,754.798724
Epoch13                             0.000000                        2,754.798724
Epoch14                             0.000000                        2,754.798724
Epoch15                             0.000000                        2,754.798724
