Epoch#                               Rewards                   Total(Cumulative)
Epoch0                          1,163.717288                        1,163.717288
Epoch1                              0.000000                        1,163.717288
Epoch2                              0.000000                        1,163.717288
Epoch3                              0.000000                        1,163.717288
Epoch4                              0.000000                        1,163.717288
Epoch5                              0.000000                        1,163.717288
Epoch6                              0.000000                        1,163.717288
Epoch7                              0.000000                        1,163.717288
Epoch8                              0.000000                        1,163.717288
Epoch9                              0.000000                        1,163.717288
Epoch10                             0.000000                        1,163.717288
Epoch11                             0.000000                        1,163.717288
Epoch12                             0.000000                        1,163.717288
Epoch13                             0.000000                        1,163.717288
Epoch14                             0.000000                        1,163.717288
