Epoch#                               Rewards                   Total(Cumulative)
Epoch0                              0.000000                            0.000000
Epoch1                            193.234392                          193.234392
Epoch2                            844.538936                        1,037.773328
Epoch3                              0.000000                        1,037.773328
Epoch4                              0.000000                        1,037.773328
Epoch5                              0.000000                        1,037.773328
Epoch6                              0.000000                        1,037.773328
Epoch7                              0.000000                        1,037.773328
Epoch8                              0.000000                        1,037.773328
Epoch9                              0.000000                        1,037.773328
Epoch10                             0.000000                        1,037.773328
Epoch11                             0.000000                        1,037.773328
Epoch12                             0.000000                        1,037.773328
Epoch13                             0.000000                        1,037.773328
Epoch14                             0.000000                        1,037.773328
Epoch15                             0.000000                        1,037.773328
Epoch16                             0.000000                        1,037.773328
Epoch17                             0.000000                        1,037.773328
Epoch18                             0.000000                        1,037.773328
Epoch19                             0.000000                        1,037.773328
Epoch20                             0.000000                        1,037.773328
Epoch21                             0.000000                        1,037.773328
Epoch22                             0.000000                        1,037.773328
Epoch23                             0.000000                        1,037.773328
Epoch24                             0.000000                        1,037.773328
Epoch25                             0.000000                        1,037.773328
Epoch26                             0.000000                        1,037.773328
Epoch27                             0.000000                        1,037.773328
Epoch28                             0.000000                        1,037.773328
Epoch29                             0.000000                        1,037.773328
Epoch30                             0.000000                        1,037.773328
Epoch31                             0.000000                        1,037.773328
