Epoch#                               Rewards                   Total(Cumulative)
Epoch0                          4,351.652931                        4,351.652931
Epoch1                              0.000000                        4,351.652931
Epoch2                              0.000000                        4,351.652931
Epoch3                              0.000000                        4,351.652931
Epoch4                              0.000000                        4,351.652931
Epoch5                              0.000000                        4,351.652931
Epoch6                              0.005633                        4,351.658564
Epoch7                              0.000000                        4,351.658564
Epoch8                              0.000000                        4,351.658564
Epoch9                              0.000000                        4,351.658564
Epoch10                             0.000000                        4,351.658564
Epoch11                           162.414648                        4,514.073212
Epoch12                            59.772088                        4,573.845300
Epoch13                             0.000000                        4,573.845300
Epoch14                             0.000000                        4,573.845300
Epoch15                             0.000000                        4,573.845300
Epoch16                             0.000000                        4,573.845300
Epoch17                             0.000000                        4,573.845300
Epoch18                             0.000000                        4,573.845300
Epoch19                             0.000000                        4,573.845300
Epoch20                             0.000000                        4,573.845300
Epoch21                             0.000000                        4,573.845300
Epoch22                             0.000000                        4,573.845300
Epoch23                             0.000000                        4,573.845300
Epoch24                             0.000000                        4,573.845300
Epoch25                             0.000000                        4,573.845300
Epoch26                             0.000000                        4,573.845300
Epoch27                             0.000000                        4,573.845300
Epoch28                             0.000000                        4,573.845300
Epoch29                             0.000000                        4,573.845300
Epoch30                             0.000000                        4,573.845300
Epoch31                             0.000000                        4,573.845300
