Epoch#                               Rewards                   Total(Cumulative)
Epoch0                          1,163.566669                        1,163.566669
Epoch1                              0.000000                        1,163.566669
Epoch2                              0.000000                        1,163.566669
Epoch3                              0.000000                        1,163.566669
Epoch4                              0.000000                        1,163.566669
Epoch5                              0.000000                        1,163.566669
Epoch6                              0.000000                        1,163.566669
Epoch7                              0.000000                        1,163.566669
Epoch8                              0.000000                        1,163.566669
Epoch9                              0.000000                        1,163.566669
Epoch10                             0.000000                        1,163.566669
Epoch11                             0.000000                        1,163.566669
Epoch12                             0.000000                        1,163.566669
Epoch13                             0.000000                        1,163.566669
Epoch14                             0.000000                        1,163.566669
Epoch15                             0.000000                        1,163.566669
