Epoch#                               Rewards                   Total(Cumulative)
Epoch0                          1,164.017568                        1,164.017568
Epoch1                              0.114441                        1,164.132009
Epoch2                              0.000000                        1,164.132009
Epoch3                              0.000000                        1,164.132009
Epoch4                              0.000000                        1,164.132009
Epoch5                              0.000000                        1,164.132009
Epoch6                              0.000000                        1,164.132009
Epoch7                              0.000000                        1,164.132009
Epoch8                              0.000000                        1,164.132009
Epoch9                              0.000000                        1,164.132009
Epoch10                             0.000000                        1,164.132009
Epoch11                             0.000000                        1,164.132009
Epoch12                             0.000000                        1,164.132009
Epoch13                             0.000000                        1,164.132009
Epoch14                             0.000000                        1,164.132009
Epoch15                             0.000000                        1,164.132009
