Epoch#                               Rewards                   Total(Cumulative)
Epoch0                          9,529.860000                        9,529.860000
Epoch1                             18.746273                        9,548.606273
Epoch2                              0.000000                        9,548.606273
Epoch3                              0.000000                        9,548.606273
Epoch4                              0.000000                        9,548.606273
Epoch5                              5.249378                        9,553.855652
Epoch6                              0.000000                        9,553.855652
Epoch7                              0.000000                        9,553.855652
Epoch8                              8.317084                        9,562.172735
Epoch9                              7.885883                        9,570.058618
Epoch10                             0.000000                        9,570.058618
Epoch11                             0.000000                        9,570.058618
Epoch12                             8.493812                        9,578.552430
Epoch13                             0.000000                        9,578.552430
Epoch14                             0.000000                        9,578.552430
