Epoch#                               Rewards                   Total(Cumulative)
Epoch0                          2,370.081964                        2,370.081964
Epoch1                          1,570.920319                        3,941.002284
Epoch2                              4.943235                        3,945.945518
Epoch3                              0.000000                        3,945.945518
Epoch4                              0.000000                        3,945.945518
Epoch5                              0.000000                        3,945.945518
Epoch6                              0.000000                        3,945.945518
Epoch7                              0.000000                        3,945.945518
Epoch8                              0.000000                        3,945.945518
Epoch9                              0.000000                        3,945.945518
Epoch10                             0.000000                        3,945.945518
Epoch11                             0.000000                        3,945.945518
Epoch12                             0.000000                        3,945.945518
Epoch13                             0.000000                        3,945.945518
Epoch14                             0.000000                        3,945.945518
Epoch15                             0.000000                        3,945.945518
Epoch16                             0.000000                        3,945.945518
Epoch17                             0.000000                        3,945.945518
