Epoch#                               Rewards                   Total(Cumulative)
Epoch0                          4,349.667205                        4,349.667205
Epoch1                              0.000000                        4,349.667205
Epoch2                              0.000000                        4,349.667205
Epoch3                              0.000000                        4,349.667205
Epoch4                              0.000000                        4,349.667205
Epoch5                              0.000000                        4,349.667205
Epoch6                              0.000000                        4,349.667205
Epoch7                              0.000000                        4,349.667205
Epoch8                              0.000000                        4,349.667205
Epoch9                              0.000000                        4,349.667205
Epoch10                             0.000000                        4,349.667205
Epoch11                             0.000000                        4,349.667205
Epoch12                             0.000000                        4,349.667205
Epoch13                             0.000000                        4,349.667205
Epoch14                             0.000000                        4,349.667205
Epoch15                             0.000000                        4,349.667205
Epoch16                             0.000000                        4,349.667205
Epoch17                             0.000000                        4,349.667205
