Epoch#                               Rewards                   Total(Cumulative)
Epoch0                          1,163.574658                        1,163.574658
Epoch1                              0.036382                        1,163.611040
Epoch2                              0.000000                        1,163.611040
Epoch3                              0.000000                        1,163.611040
Epoch4                              0.000000                        1,163.611040
Epoch5                              0.000000                        1,163.611040
Epoch6                              0.000000                        1,163.611040
Epoch7                              0.000000                        1,163.611040
Epoch8                              0.000000                        1,163.611040
Epoch9                              0.000000                        1,163.611040
Epoch10                             0.000000                        1,163.611040
Epoch11                             0.000000                        1,163.611040
Epoch12                             0.000000                        1,163.611040
Epoch13                             0.000000                        1,163.611040
Epoch14                             0.000000                        1,163.611040
Epoch15                             0.000000                        1,163.611040
Epoch16                             0.000000                        1,163.611040
Epoch17                             0.000000                        1,163.611040
Epoch18                             0.000000                        1,163.611040
Epoch19                             0.000000                        1,163.611040
Epoch20                             0.000000                        1,163.611040
Epoch21                             0.000000                        1,163.611040
Epoch22                             0.000000                        1,163.611040
Epoch23                             0.000000                        1,163.611040
Epoch24                             0.000000                        1,163.611040
Epoch25                             0.000000                        1,163.611040
Epoch26                             0.000000                        1,163.611040
Epoch27                             0.000000                        1,163.611040
Epoch28                             0.000000                        1,163.611040
