Epoch#                               Rewards                   Total(Cumulative)
Epoch0                          1,163.510000                        1,163.510000
Epoch1                              0.000000                        1,163.510000
Epoch2                              0.000000                        1,163.510000
Epoch3                              0.008734                        1,163.518734
Epoch4                              0.000000                        1,163.518734
Epoch5                              0.000000                        1,163.518734
Epoch6                              0.000000                        1,163.518734
Epoch7                              0.000000                        1,163.518734
Epoch8                              0.000000                        1,163.518734
Epoch9                              0.000000                        1,163.518734
Epoch10                             0.000000                        1,163.518734
Epoch11                             0.000000                        1,163.518734
Epoch12                             0.000000                        1,163.518734
Epoch13                             0.000000                        1,163.518734
Epoch14                             0.000000                        1,163.518734
Epoch15                             0.000000                        1,163.518734
Epoch16                             0.000000                        1,163.518734
Epoch17                             0.000000                        1,163.518734
Epoch18                             0.000000                        1,163.518734
Epoch19                             0.000000                        1,163.518734
Epoch20                             0.000000                        1,163.518734
Epoch21                             0.000000                        1,163.518734
Epoch22                             0.000000                        1,163.518734
Epoch23                             0.000000                        1,163.518734
Epoch24                             0.000000                        1,163.518734
Epoch25                             0.000000                        1,163.518734
Epoch26                             0.000000                        1,163.518734
Epoch27                             0.000000                        1,163.518734
Epoch28                             0.000000                        1,163.518734
Epoch29                             0.004009                        1,163.522744
Epoch30                             0.000000                        1,163.522744
Epoch31                             0.000000                        1,163.522744
