Epoch#                               Rewards                   Total(Cumulative)
Epoch0                          1,163.982662                        1,163.982662
Epoch1                              0.000000                        1,163.982662
Epoch2                              0.000000                        1,163.982662
Epoch3                              0.000000                        1,163.982662
Epoch4                              0.000000                        1,163.982662
Epoch5                              0.000000                        1,163.982662
Epoch6                              0.000000                        1,163.982662
Epoch7                              0.000000                        1,163.982662
Epoch8                              0.000000                        1,163.982662
Epoch9                              0.000000                        1,163.982662
Epoch10                             0.000000                        1,163.982662
Epoch11                             0.000000                        1,163.982662
Epoch12                             0.000000                        1,163.982662
Epoch13                             0.000000                        1,163.982662
Epoch14                             0.000000                        1,163.982662
Epoch15                             0.000000                        1,163.982662
