Epoch#                               Rewards                   Total(Cumulative)
Epoch0                          1,180.827640                        1,180.827640
Epoch1                              4.471677                        1,185.299317
Epoch2                              1.031040                        1,186.330357
Epoch3                              0.873954                        1,187.204311
Epoch4                              2.164865                        1,189.369176
Epoch5                              0.000000                        1,189.369176
Epoch6                              0.191074                        1,189.560250
Epoch7                              0.000000                        1,189.560250
Epoch8                              0.000000                        1,189.560250
Epoch9                              0.000000                        1,189.560250
Epoch10                             0.000000                        1,189.560250
Epoch11                             0.000000                        1,189.560250
Epoch12                             0.000000                        1,189.560250
Epoch13                             0.000000                        1,189.560250
Epoch14                             0.000000                        1,189.560250
