Epoch#                               Rewards                   Total(Cumulative)
Epoch0                          4,349.630000                        4,349.630000
Epoch1                              0.000000                        4,349.630000
Epoch2                             27.965349                        4,377.595349
Epoch3                              0.000000                        4,377.595349
Epoch4                              0.000000                        4,377.595349
Epoch5                              0.000000                        4,377.595349
Epoch6                              2.355339                        4,379.950688
Epoch7                              0.000000                        4,379.950688
Epoch8                              0.000000                        4,379.950688
Epoch9                              0.000000                        4,379.950688
Epoch10                             0.049208                        4,379.999896
Epoch11                             0.000000                        4,379.999896
Epoch12                             0.000000                        4,379.999896
Epoch13                             0.000000                        4,379.999896
Epoch14                             0.000000                        4,379.999896
