Epoch#                               Rewards                   Total(Cumulative)
Epoch0                          1,164.410221                        1,164.410221
Epoch1                              0.000000                        1,164.410221
Epoch2                              0.000000                        1,164.410221
Epoch3                              0.000000                        1,164.410221
Epoch4                              0.000000                        1,164.410221
Epoch5                              0.000000                        1,164.410221
Epoch6                              0.000000                        1,164.410221
Epoch7                              0.000000                        1,164.410221
Epoch8                              0.000000                        1,164.410221
Epoch9                              0.000000                        1,164.410221
Epoch10                             0.000000                        1,164.410221
Epoch11                             0.000000                        1,164.410221
Epoch12                             0.000000                        1,164.410221
Epoch13                             0.000000                        1,164.410221
Epoch14                             0.000000                        1,164.410221
