Epoch#                               Rewards                   Total(Cumulative)
Epoch0                          1,163.724308                        1,163.724308
Epoch1                              0.000000                        1,163.724308
Epoch2                              0.000000                        1,163.724308
Epoch3                              0.000000                        1,163.724308
Epoch4                              0.000000                        1,163.724308
Epoch5                              0.000000                        1,163.724308
Epoch6                              0.000000                        1,163.724308
Epoch7                              0.000000                        1,163.724308
Epoch8                              0.000000                        1,163.724308
Epoch9                              0.000000                        1,163.724308
Epoch10                             0.000000                        1,163.724308
Epoch11                             0.000000                        1,163.724308
Epoch12                             0.000000                        1,163.724308
Epoch13                             0.000000                        1,163.724308
Epoch14                             0.000000                        1,163.724308
Epoch15                             0.000000                        1,163.724308
Epoch16                             0.000000                        1,163.724308
Epoch17                             0.000000                        1,163.724308
Epoch18                             0.000000                        1,163.724308
Epoch19                             0.000000                        1,163.724308
Epoch20                             0.000000                        1,163.724308
Epoch21                             0.000000                        1,163.724308
Epoch22                             0.000000                        1,163.724308
Epoch23                             0.000000                        1,163.724308
Epoch24                             0.000000                        1,163.724308
Epoch25                             0.000000                        1,163.724308
Epoch26                             0.000000                        1,163.724308
Epoch27                             0.000000                        1,163.724308
