Epoch#                               Rewards                   Total(Cumulative)
Epoch0                          1,165.031929                        1,165.031929
Epoch1                              0.021030                        1,165.052959
Epoch2                              0.000000                        1,165.052959
Epoch3                              0.000000                        1,165.052959
Epoch4                              0.023226                        1,165.076185
Epoch5                              0.000000                        1,165.076185
Epoch6                              0.000000                        1,165.076185
Epoch7                              0.011942                        1,165.088127
Epoch8                              0.000000                        1,165.088127
Epoch9                              0.000000                        1,165.088127
Epoch10                             0.000000                        1,165.088127
Epoch11                             0.000000                        1,165.088127
Epoch12                             0.000000                        1,165.088127
Epoch13                             0.000000                        1,165.088127
Epoch14                             0.000000                        1,165.088127
Epoch15                             0.000000                        1,165.088127
Epoch16                             0.000000                        1,165.088127
