Epoch#                               Rewards                   Total(Cumulative)
Epoch0                          4,349.630000                        4,349.630000
Epoch1                              4.141552                        4,353.771552
Epoch2                              0.556078                        4,354.327631
Epoch3                              0.000000                        4,354.327631
Epoch4                              0.000000                        4,354.327631
Epoch5                              0.000000                        4,354.327631
Epoch6                              0.000000                        4,354.327631
Epoch7                              5.699247                        4,360.026877
Epoch8                             20.224198                        4,380.251075
Epoch9                              0.574577                        4,380.825653
Epoch10                             0.000000                        4,380.825653
Epoch11                             0.000000                        4,380.825653
Epoch12                             0.000000                        4,380.825653
Epoch13                             0.000000                        4,380.825653
Epoch14                             0.000000                        4,380.825653
Epoch15                           537.782149                        4,918.607802
