Epoch#                               Rewards                   Total(Cumulative)
Epoch0                          6,865.759927                        6,865.759927
Epoch1                            116.321025                        6,982.080952
Epoch2                              0.000000                        6,982.080952
Epoch3                             56.904651                        7,038.985603
Epoch4                            240.831926                        7,279.817529
Epoch5                            144.524191                        7,424.341720
Epoch6                             23.026739                        7,447.368459
Epoch7                             66.385207                        7,513.753667
Epoch8                             14.314851                        7,528.068518
Epoch9                              0.000000                        7,528.068518
Epoch10                             0.000000                        7,528.068518
Epoch11                             0.000000                        7,528.068518
Epoch12                             0.000000                        7,528.068518
Epoch13                             0.000000                        7,528.068518
Epoch14                             0.000000                        7,528.068518
Epoch15                             0.000000                        7,528.068518
Epoch16                             0.000000                        7,528.068518
Epoch17                             0.000000                        7,528.068518
Epoch18                             0.000000                        7,528.068518
Epoch19                             0.000000                        7,528.068518
Epoch20                             0.000000                        7,528.068518
Epoch21                             0.000000                        7,528.068518
Epoch22                             0.000000                        7,528.068518
Epoch23                             0.000000                        7,528.068518
Epoch24                             0.000000                        7,528.068518
Epoch25                             0.000000                        7,528.068518
Epoch26                             0.000000                        7,528.068518
Epoch27                             0.000000                        7,528.068518
Epoch28                             0.000000                        7,528.068518
Epoch29                             0.000000                        7,528.068518
Epoch30                             0.000000                        7,528.068518
Epoch31                             0.000000                        7,528.068518
