Epoch#                               Rewards                   Total(Cumulative)
Epoch0                          1,163.742332                        1,163.742332
Epoch1                              0.000000                        1,163.742332
Epoch2                              0.000000                        1,163.742332
Epoch3                              0.000000                        1,163.742332
Epoch4                              0.000000                        1,163.742332
Epoch5                              0.000000                        1,163.742332
Epoch6                              0.000000                        1,163.742332
Epoch7                              0.000000                        1,163.742332
Epoch8                              0.000000                        1,163.742332
Epoch9                              0.000000                        1,163.742332
Epoch10                             0.000000                        1,163.742332
Epoch11                             0.000000                        1,163.742332
Epoch12                             0.000000                        1,163.742332
Epoch13                             0.000000                        1,163.742332
Epoch14                             0.000000                        1,163.742332
Epoch15                             0.000000                        1,163.742332
Epoch16                             0.000000                        1,163.742332
Epoch17                             0.000000                        1,163.742332
