Epoch#                               Rewards                   Total(Cumulative)
Epoch0                          4,352.098131                        4,352.098131
Epoch1                              0.087521                        4,352.185652
Epoch2                              0.000000                        4,352.185652
Epoch3                              0.000000                        4,352.185652
Epoch4                              0.000000                        4,352.185652
Epoch5                              0.037906                        4,352.223558
Epoch6                              0.000000                        4,352.223558
Epoch7                              0.000000                        4,352.223558
Epoch8                              0.000000                        4,352.223558
Epoch9                              0.097275                        4,352.320833
Epoch10                             0.000000                        4,352.320833
Epoch11                             0.000000                        4,352.320833
Epoch12                             0.000000                        4,352.320833
Epoch13                             0.000000                        4,352.320833
Epoch14                             0.000000                        4,352.320833
Epoch15                             0.000000                        4,352.320833
Epoch16                             0.000000                        4,352.320833
Epoch17                             0.000000                        4,352.320833
Epoch18                             0.000000                        4,352.320833
Epoch19                             0.000000                        4,352.320833
Epoch20                             0.000000                        4,352.320833
Epoch21                             0.000000                        4,352.320833
Epoch22                             0.000000                        4,352.320833
Epoch23                             0.000000                        4,352.320833
Epoch24                             0.000000                        4,352.320833
Epoch25                             0.000000                        4,352.320833
Epoch26                             0.000000                        4,352.320833
Epoch27                             0.000000                        4,352.320833
Epoch28                             0.000000                        4,352.320833
Epoch29                             0.000000                        4,352.320833
