Epoch#                               Rewards                   Total(Cumulative)
Epoch0                          4,351.103231                        4,351.103231
Epoch1                              2.515586                        4,353.618817
Epoch2                              0.000000                        4,353.618817
Epoch3                              0.000000                        4,353.618817
Epoch4                              0.085212                        4,353.704029
Epoch5                              0.000000                        4,353.704029
Epoch6                              0.000000                        4,353.704029
Epoch7                              0.000000                        4,353.704029
Epoch8                              0.000000                        4,353.704029
Epoch9                              0.000000                        4,353.704029
Epoch10                             0.000000                        4,353.704029
Epoch11                             0.000000                        4,353.704029
Epoch12                             0.000000                        4,353.704029
Epoch13                             0.000000                        4,353.704029
Epoch14                             0.000000                        4,353.704029
Epoch15                             0.000000                        4,353.704029
Epoch16                             0.000000                        4,353.704029
Epoch17                             0.000000                        4,353.704029
Epoch18                             0.000000                        4,353.704029
Epoch19                             0.000000                        4,353.704029
Epoch20                             0.000000                        4,353.704029
Epoch21                             0.000000                        4,353.704029
Epoch22                             0.000000                        4,353.704029
Epoch23                             0.000000                        4,353.704029
Epoch24                             0.000000                        4,353.704029
Epoch25                             0.000000                        4,353.704029
Epoch26                             0.000000                        4,353.704029
Epoch27                             0.000000                        4,353.704029
