Epoch#                               Rewards                   Total(Cumulative)
Epoch0                          1,163.814991                        1,163.814991
Epoch1                              0.000000                        1,163.814991
Epoch2                              0.000000                        1,163.814991
Epoch3                              0.000000                        1,163.814991
Epoch4                              0.000000                        1,163.814991
Epoch5                              0.000000                        1,163.814991
Epoch6                              0.000000                        1,163.814991
Epoch7                              0.000000                        1,163.814991
Epoch8                              0.000000                        1,163.814991
Epoch9                              0.000000                        1,163.814991
Epoch10                             0.000000                        1,163.814991
Epoch11                             0.000000                        1,163.814991
Epoch12                             0.000000                        1,163.814991
Epoch13                             0.000000                        1,163.814991
Epoch14                             0.000000                        1,163.814991
Epoch15                             0.000000                        1,163.814991
