Epoch#                               Rewards                   Total(Cumulative)
Epoch0                          4,353.082968                        4,353.082968
Epoch1                              0.000000                        4,353.082968
Epoch2                              0.000000                        4,353.082968
Epoch3                              0.000000                        4,353.082968
Epoch4                              0.000000                        4,353.082968
Epoch5                              0.000000                        4,353.082968
Epoch6                              0.000000                        4,353.082968
Epoch7                              0.000000                        4,353.082968
Epoch8                              0.000000                        4,353.082968
Epoch9                              0.000000                        4,353.082968
Epoch10                             0.000000                        4,353.082968
Epoch11                             0.000000                        4,353.082968
Epoch12                             0.000000                        4,353.082968
Epoch13                             0.000000                        4,353.082968
Epoch14                             0.000000                        4,353.082968
