Epoch#                               Rewards                   Total(Cumulative)
Epoch0                          5,505.182357                        5,505.182357
Epoch1                            262.868305                        5,768.050663
Epoch2                              0.717673                        5,768.768335
Epoch3                              0.332970                        5,769.101305
Epoch4                              0.000000                        5,769.101305
Epoch5                              0.000000                        5,769.101305
Epoch6                              0.000000                        5,769.101305
Epoch7                              0.000000                        5,769.101305
Epoch8                              0.000000                        5,769.101305
Epoch9                              0.000000                        5,769.101305
Epoch10                             0.000000                        5,769.101305
Epoch11                             0.000000                        5,769.101305
Epoch12                             0.000000                        5,769.101305
Epoch13                             0.000000                        5,769.101305
Epoch14                             0.000000                        5,769.101305
Epoch15                             0.000000                        5,769.101305
Epoch16                             0.000000                        5,769.101305
