Epoch#                               Rewards                   Total(Cumulative)
Epoch0                          4,361.721988                        4,361.721988
Epoch1                              2.099464                        4,363.821452
Epoch2                              1.671739                        4,365.493191
Epoch3                              0.871300                        4,366.364490
Epoch4                              0.000000                        4,366.364490
Epoch5                              0.000000                        4,366.364490
Epoch6                              0.000000                        4,366.364490
Epoch7                              0.000000                        4,366.364490
Epoch8                              0.000000                        4,366.364490
Epoch9                              0.000000                        4,366.364490
Epoch10                             0.000000                        4,366.364490
Epoch11                             0.000000                        4,366.364490
Epoch12                             0.000000                        4,366.364490
Epoch13                             0.000000                        4,366.364490
Epoch14                             0.000000                        4,366.364490
