Epoch#                               Rewards                   Total(Cumulative)
Epoch0                          1,176.810674                        1,176.810674
Epoch1                              0.000000                        1,176.810674
Epoch2                              0.809178                        1,177.619852
Epoch3                              0.000000                        1,177.619852
Epoch4                              0.000000                        1,177.619852
Epoch5                              0.000000                        1,177.619852
Epoch6                              0.000000                        1,177.619852
Epoch7                              0.000000                        1,177.619852
Epoch8                              0.000000                        1,177.619852
Epoch9                              0.000000                        1,177.619852
Epoch10                             0.000000                        1,177.619852
Epoch11                             0.000000                        1,177.619852
Epoch12                             0.000000                        1,177.619852
Epoch13                             0.000000                        1,177.619852
Epoch14                             0.000000                        1,177.619852
Epoch15                             0.000000                        1,177.619852
Epoch16                             0.000000                        1,177.619852
Epoch17                             0.000000                        1,177.619852
