Epoch#                               Rewards                   Total(Cumulative)
Epoch0                          1,163.539949                        1,163.539949
Epoch1                              0.000000                        1,163.539949
Epoch2                              0.000000                        1,163.539949
Epoch3                              0.000000                        1,163.539949
Epoch4                              0.000000                        1,163.539949
Epoch5                              0.000000                        1,163.539949
Epoch6                              0.000000                        1,163.539949
Epoch7                              0.000000                        1,163.539949
Epoch8                              0.000000                        1,163.539949
Epoch9                              0.000000                        1,163.539949
Epoch10                             0.000000                        1,163.539949
Epoch11                             0.000000                        1,163.539949
Epoch12                             0.000000                        1,163.539949
Epoch13                             0.000000                        1,163.539949
Epoch14                             0.000000                        1,163.539949
