Epoch#                               Rewards                   Total(Cumulative)
Epoch0                          1,163.661640                        1,163.661640
Epoch1                              0.000000                        1,163.661640
Epoch2                              0.000000                        1,163.661640
Epoch3                              0.000000                        1,163.661640
Epoch4                              0.000000                        1,163.661640
Epoch5                              0.000000                        1,163.661640
Epoch6                              0.000000                        1,163.661640
Epoch7                              0.000000                        1,163.661640
Epoch8                              0.000000                        1,163.661640
Epoch9                              0.000000                        1,163.661640
Epoch10                             0.000000                        1,163.661640
Epoch11                             0.000000                        1,163.661640
Epoch12                             0.000000                        1,163.661640
Epoch13                             0.000000                        1,163.661640
Epoch14                             0.000000                        1,163.661640
Epoch15                             0.000000                        1,163.661640
Epoch16                             0.000000                        1,163.661640
Epoch17                             0.000000                        1,163.661640
Epoch18                             0.000000                        1,163.661640
Epoch19                             0.000000                        1,163.661640
Epoch20                             0.000000                        1,163.661640
Epoch21                             0.000000                        1,163.661640
Epoch22                             0.000000                        1,163.661640
Epoch23                             0.000000                        1,163.661640
Epoch24                             0.000000                        1,163.661640
Epoch25                             0.000000                        1,163.661640
Epoch26                             0.000000                        1,163.661640
Epoch27                             0.000000                        1,163.661640
