Epoch#                               Rewards                   Total(Cumulative)
Epoch0                          1,197.404971                        1,197.404971
Epoch1                              0.013184                        1,197.418155
Epoch2                              0.000000                        1,197.418155
Epoch3                              0.000000                        1,197.418155
Epoch4                              0.000000                        1,197.418155
Epoch5                              0.000000                        1,197.418155
Epoch6                              0.000000                        1,197.418155
Epoch7                              0.000000                        1,197.418155
Epoch8                              0.000000                        1,197.418155
Epoch9                              0.000000                        1,197.418155
Epoch10                             0.000000                        1,197.418155
Epoch11                             0.000000                        1,197.418155
Epoch12                             0.000000                        1,197.418155
Epoch13                             0.000000                        1,197.418155
Epoch14                             0.000000                        1,197.418155
