Epoch#                               Rewards                   Total(Cumulative)
Epoch0                          4,349.630000                        4,349.630000
Epoch1                              0.164847                        4,349.794847
Epoch2                              0.000000                        4,349.794847
Epoch3                              0.202857                        4,349.997704
Epoch4                              0.000000                        4,349.997704
Epoch5                              0.000000                        4,349.997704
Epoch6                              0.000000                        4,349.997704
Epoch7                              0.000000                        4,349.997704
Epoch8                              0.000000                        4,349.997704
Epoch9                              0.000000                        4,349.997704
Epoch10                             0.000000                        4,349.997704
Epoch11                             0.000000                        4,349.997704
Epoch12                             0.000000                        4,349.997704
Epoch13                             0.000000                        4,349.997704
Epoch14                             0.000000                        4,349.997704
Epoch15                             0.000000                        4,349.997704
Epoch16                             0.000000                        4,349.997704
Epoch17                             0.000000                        4,349.997704
Epoch18                             0.000000                        4,349.997704
Epoch19                             0.000000                        4,349.997704
Epoch20                             0.000000                        4,349.997704
Epoch21                             0.000000                        4,349.997704
Epoch22                             0.000000                        4,349.997704
Epoch23                             0.000000                        4,349.997704
Epoch24                             0.000000                        4,349.997704
Epoch25                             0.000000                        4,349.997704
Epoch26                             0.000000                        4,349.997704
Epoch27                             0.000000                        4,349.997704
Epoch28                             0.000000                        4,349.997704
Epoch29                             0.000000                        4,349.997704
Epoch30                             0.000000                        4,349.997704
Epoch31                             0.000000                        4,349.997704
