Epoch#                               Rewards                   Total(Cumulative)
Epoch0                          4,351.887757                        4,351.887757
Epoch1                              0.000000                        4,351.887757
Epoch2                              0.000000                        4,351.887757
Epoch3                              0.000000                        4,351.887757
Epoch4                              0.000000                        4,351.887757
Epoch5                              0.000000                        4,351.887757
Epoch6                              0.000000                        4,351.887757
Epoch7                              0.000000                        4,351.887757
Epoch8                              0.000000                        4,351.887757
Epoch9                              0.000000                        4,351.887757
Epoch10                             0.000000                        4,351.887757
Epoch11                             0.000000                        4,351.887757
Epoch12                             0.000000                        4,351.887757
Epoch13                             0.000000                        4,351.887757
Epoch14                             0.000000                        4,351.887757
Epoch15                             0.000000                        4,351.887757
Epoch16                             0.000000                        4,351.887757
Epoch17                             0.000000                        4,351.887757
Epoch18                             0.000000                        4,351.887757
Epoch19                             0.000000                        4,351.887757
Epoch20                             0.000000                        4,351.887757
Epoch21                             0.000000                        4,351.887757
Epoch22                             0.000000                        4,351.887757
Epoch23                             0.000000                        4,351.887757
Epoch24                             0.000000                        4,351.887757
Epoch25                             0.000000                        4,351.887757
Epoch26                             0.000000                        4,351.887757
Epoch27                             0.000000                        4,351.887757
Epoch28                             0.000000                        4,351.887757
Epoch29                             0.000000                        4,351.887757
Epoch30                             0.000000                        4,351.887757
Epoch31                             0.000000                        4,351.887757
