Epoch#                               Rewards                   Total(Cumulative)
Epoch0                          1,164.427463                        1,164.427463
Epoch1                              0.000000                        1,164.427463
Epoch2                              0.000000                        1,164.427463
Epoch3                              0.000000                        1,164.427463
Epoch4                              0.000000                        1,164.427463
Epoch5                              0.000000                        1,164.427463
Epoch6                              0.000000                        1,164.427463
Epoch7                              0.000000                        1,164.427463
Epoch8                              0.000000                        1,164.427463
Epoch9                              0.000000                        1,164.427463
Epoch10                             0.000000                        1,164.427463
Epoch11                             0.000000                        1,164.427463
Epoch12                             0.000000                        1,164.427463
Epoch13                             0.000000                        1,164.427463
Epoch14                             0.000000                        1,164.427463
Epoch15                             0.000000                        1,164.427463
Epoch16                             0.000000                        1,164.427463
