Epoch#                               Rewards                   Total(Cumulative)
Epoch0                          1,168.258065                        1,168.258065
Epoch1                              0.242569                        1,168.500634
Epoch2                              0.000000                        1,168.500634
Epoch3                              0.000000                        1,168.500634
Epoch4                              0.000000                        1,168.500634
Epoch5                              0.000000                        1,168.500634
Epoch6                              0.000000                        1,168.500634
Epoch7                              2.027179                        1,170.527813
Epoch8                              4.809933                        1,175.337745
Epoch9                              0.000000                        1,175.337745
Epoch10                             0.000000                        1,175.337745
Epoch11                             0.000000                        1,175.337745
Epoch12                             0.000000                        1,175.337745
Epoch13                             0.000000                        1,175.337745
Epoch14                             0.000000                        1,175.337745
Epoch15                             0.000000                        1,175.337745
Epoch16                             0.000000                        1,175.337745
Epoch17                             0.000000                        1,175.337745
