Epoch#                               Rewards                   Total(Cumulative)
Epoch0                          4,851.254166                        4,851.254166
Epoch1                            335.333351                        5,186.587516
Epoch2                             20.750845                        5,207.338361
Epoch3                              2.802938                        5,210.141299
Epoch4                             13.052750                        5,223.194049
Epoch5                              0.982126                        5,224.176175
Epoch6                              0.188923                        5,224.365098
Epoch7                              0.813297                        5,225.178395
Epoch8                             19.622412                        5,244.800807
Epoch9                              6.855274                        5,251.656080
Epoch10                             0.725185                        5,252.381266
Epoch11                             2.139208                        5,254.520474
Epoch12                             0.000000                        5,254.520474
Epoch13                             0.000000                        5,254.520474
Epoch14                             0.000000                        5,254.520474
Epoch15                             0.000000                        5,254.520474
