Epoch#                               Rewards                   Total(Cumulative)
Epoch0                              0.000000                            0.000000
Epoch1                          1,262.920223                        1,262.920223
Epoch2                            569.523158                        1,832.443381
Epoch3                            359.929631                        2,192.373012
Epoch4                              9.596027                        2,201.969040
Epoch5                              0.000000                        2,201.969040
Epoch6                              0.000000                        2,201.969040
Epoch7                              0.000000                        2,201.969040
Epoch8                              0.000000                        2,201.969040
Epoch9                              0.000000                        2,201.969040
Epoch10                             0.000000                        2,201.969040
Epoch11                             0.000000                        2,201.969040
Epoch12                             0.000000                        2,201.969040
Epoch13                             0.000000                        2,201.969040
Epoch14                             0.000000                        2,201.969040
Epoch15                             0.000000                        2,201.969040
Epoch16                             0.000000                        2,201.969040
Epoch17                             0.000000                        2,201.969040
Epoch18                             0.000000                        2,201.969040
Epoch19                             0.000000                        2,201.969040
Epoch20                             0.000000                        2,201.969040
Epoch21                             0.000000                        2,201.969040
Epoch22                             0.000000                        2,201.969040
Epoch23                             0.000000                        2,201.969040
Epoch24                             0.000000                        2,201.969040
Epoch25                             0.000000                        2,201.969040
Epoch26                             0.000000                        2,201.969040
Epoch27                             0.000000                        2,201.969040
Epoch28                             0.000000                        2,201.969040
Epoch29                             0.000000                        2,201.969040
