Epoch#                               Rewards                   Total(Cumulative)
Epoch0                          4,351.226844                        4,351.226844
Epoch1                              0.225489                        4,351.452333
Epoch2                              0.000000                        4,351.452333
Epoch3                              0.000000                        4,351.452333
Epoch4                              0.000000                        4,351.452333
Epoch5                              0.000000                        4,351.452333
Epoch6                              0.000000                        4,351.452333
Epoch7                              0.000000                        4,351.452333
Epoch8                              0.013078                        4,351.465411
Epoch9                              0.000000                        4,351.465411
Epoch10                             0.000000                        4,351.465411
Epoch11                             0.000000                        4,351.465411
Epoch12                             0.000000                        4,351.465411
Epoch13                             0.000000                        4,351.465411
Epoch14                             0.000000                        4,351.465411
Epoch15                             0.000000                        4,351.465411
Epoch16                             0.000000                        4,351.465411
Epoch17                             0.000000                        4,351.465411
Epoch18                             0.000000                        4,351.465411
Epoch19                             0.000000                        4,351.465411
Epoch20                             0.000000                        4,351.465411
Epoch21                             0.000000                        4,351.465411
Epoch22                             0.000000                        4,351.465411
Epoch23                             0.000000                        4,351.465411
Epoch24                             0.000000                        4,351.465411
Epoch25                             0.000000                        4,351.465411
Epoch26                             0.000000                        4,351.465411
Epoch27                             0.000000                        4,351.465411
Epoch28                             0.000000                        4,351.465411
Epoch29                             0.000000                        4,351.465411
Epoch30                             0.000000                        4,351.465411
