Epoch#                               Rewards                   Total(Cumulative)
Epoch0                          6,458.668624                        6,458.668624
Epoch1                          3,142.141993                        9,600.810618
Epoch2                             23.725585                        9,624.536202
Epoch3                             17.397950                        9,641.934153
Epoch4                             79.717934                        9,721.652087
Epoch5                             69.340306                        9,790.992393
Epoch6                              0.000000                        9,790.992393
Epoch7                              0.000000                        9,790.992393
Epoch8                              0.000000                        9,790.992393
Epoch9                              0.000000                        9,790.992393
Epoch10                             0.000000                        9,790.992393
Epoch11                             0.000000                        9,790.992393
Epoch12                             0.000000                        9,790.992393
Epoch13                             0.000000                        9,790.992393
Epoch14                             0.000000                        9,790.992393
Epoch15                             0.000000                        9,790.992393
Epoch16                             0.000000                        9,790.992393
Epoch17                             0.000000                        9,790.992393
Epoch18                             0.000000                        9,790.992393
Epoch19                             0.000000                        9,790.992393
Epoch20                             0.000000                        9,790.992393
Epoch21                             0.000000                        9,790.992393
Epoch22                             0.000000                        9,790.992393
Epoch23                             0.000000                        9,790.992393
Epoch24                             0.000000                        9,790.992393
Epoch25                             0.000000                        9,790.992393
Epoch26                             0.000000                        9,790.992393
Epoch27                             0.000000                        9,790.992393
