Epoch#                               Rewards                   Total(Cumulative)
Epoch0                          1,164.023946                        1,164.023946
Epoch1                              0.000000                        1,164.023946
Epoch2                              0.000000                        1,164.023946
Epoch3                              0.000000                        1,164.023946
Epoch4                              0.000000                        1,164.023946
Epoch5                              0.000000                        1,164.023946
Epoch6                              0.000000                        1,164.023946
Epoch7                              0.000000                        1,164.023946
Epoch8                              0.000000                        1,164.023946
Epoch9                              0.000000                        1,164.023946
Epoch10                             0.000000                        1,164.023946
Epoch11                             0.000000                        1,164.023946
Epoch12                             0.000000                        1,164.023946
Epoch13                             0.000000                        1,164.023946
Epoch14                             0.000000                        1,164.023946
Epoch15                             0.000000                        1,164.023946
Epoch16                             0.000000                        1,164.023946
Epoch17                             0.000000                        1,164.023946
Epoch18                             0.000000                        1,164.023946
Epoch19                             0.000000                        1,164.023946
Epoch20                             0.000000                        1,164.023946
Epoch21                             0.000000                        1,164.023946
Epoch22                             0.000000                        1,164.023946
Epoch23                             0.000000                        1,164.023946
Epoch24                             0.000000                        1,164.023946
Epoch25                             0.000000                        1,164.023946
Epoch26                             0.000000                        1,164.023946
Epoch27                             0.000000                        1,164.023946
