Epoch#                               Rewards                   Total(Cumulative)
Epoch0                          1,163.670080                        1,163.670080
Epoch1                              0.000000                        1,163.670080
Epoch2                              0.000000                        1,163.670080
Epoch3                              0.000000                        1,163.670080
Epoch4                              0.000000                        1,163.670080
Epoch5                              0.000000                        1,163.670080
Epoch6                              0.000000                        1,163.670080
Epoch7                              0.000000                        1,163.670080
Epoch8                              0.000000                        1,163.670080
Epoch9                              0.000000                        1,163.670080
Epoch10                             0.000000                        1,163.670080
Epoch11                             0.000000                        1,163.670080
Epoch12                             0.000000                        1,163.670080
Epoch13                             0.000000                        1,163.670080
Epoch14                             0.000000                        1,163.670080
Epoch15                             0.000000                        1,163.670080
