Epoch#                               Rewards                   Total(Cumulative)
Epoch0                          1,167.936114                        1,167.936114
Epoch1                              0.000000                        1,167.936114
Epoch2                              0.000000                        1,167.936114
Epoch3                              0.000000                        1,167.936114
Epoch4                              0.000000                        1,167.936114
Epoch5                              0.000000                        1,167.936114
Epoch6                              0.000000                        1,167.936114
Epoch7                              0.000000                        1,167.936114
Epoch8                              0.000000                        1,167.936114
Epoch9                              0.000000                        1,167.936114
Epoch10                             0.000000                        1,167.936114
Epoch11                             0.000000                        1,167.936114
Epoch12                             0.000000                        1,167.936114
Epoch13                             0.000000                        1,167.936114
Epoch14                             0.000000                        1,167.936114
