Epoch#                               Rewards                   Total(Cumulative)
Epoch0                          1,163.545842                        1,163.545842
Epoch1                              0.000000                        1,163.545842
Epoch2                              0.000000                        1,163.545842
Epoch3                              0.000000                        1,163.545842
Epoch4                              0.000000                        1,163.545842
Epoch5                              0.000000                        1,163.545842
Epoch6                              0.000000                        1,163.545842
Epoch7                              0.000000                        1,163.545842
Epoch8                              0.000000                        1,163.545842
Epoch9                              0.000000                        1,163.545842
Epoch10                             0.000000                        1,163.545842
Epoch11                             0.000000                        1,163.545842
Epoch12                             0.000000                        1,163.545842
Epoch13                             0.000000                        1,163.545842
Epoch14                             0.000000                        1,163.545842
Epoch15                             0.000000                        1,163.545842
Epoch16                             0.000000                        1,163.545842
