Epoch#                               Rewards                   Total(Cumulative)
Epoch0                          4,349.984522                        4,349.984522
Epoch1                              0.095150                        4,350.079672
Epoch2                              0.000000                        4,350.079672
Epoch3                              0.000000                        4,350.079672
Epoch4                              0.000000                        4,350.079672
Epoch5                              0.000000                        4,350.079672
Epoch6                              0.000000                        4,350.079672
Epoch7                              0.000000                        4,350.079672
Epoch8                              0.000000                        4,350.079672
Epoch9                              0.000000                        4,350.079672
Epoch10                             0.000000                        4,350.079672
Epoch11                             0.000000                        4,350.079672
Epoch12                             0.000000                        4,350.079672
Epoch13                             0.000000                        4,350.079672
Epoch14                             0.000000                        4,350.079672
Epoch15                             0.000000                        4,350.079672
Epoch16                             0.000000                        4,350.079672
Epoch17                             0.000000                        4,350.079672
