Epoch#                               Rewards                   Total(Cumulative)
Epoch0                          1,163.510000                        1,163.510000
Epoch1                            402.404036                        1,565.914036
Epoch2                             70.306514                        1,636.220550
Epoch3                            105.412310                        1,741.632861
Epoch4                             43.731727                        1,785.364588
Epoch5                              1.470326                        1,786.834914
Epoch6                              0.000000                        1,786.834914
Epoch7                              0.000000                        1,786.834914
Epoch8                              0.335094                        1,787.170007
Epoch9                              0.000000                        1,787.170007
Epoch10                             0.000000                        1,787.170007
Epoch11                             0.000000                        1,787.170007
Epoch12                             0.000000                        1,787.170007
Epoch13                             0.000000                        1,787.170007
Epoch14                             0.000000                        1,787.170007
Epoch15                             0.000000                        1,787.170007
Epoch16                             0.000000                        1,787.170007
Epoch17                             0.000000                        1,787.170007
Epoch18                             0.000000                        1,787.170007
Epoch19                             0.000000                        1,787.170007
Epoch20                             0.000000                        1,787.170007
Epoch21                             0.000000                        1,787.170007
Epoch22                             0.000000                        1,787.170007
Epoch23                             0.000000                        1,787.170007
Epoch24                             0.000000                        1,787.170007
Epoch25                             0.000000                        1,787.170007
Epoch26                             0.000000                        1,787.170007
Epoch27                             0.000000                        1,787.170007
