Epoch#                               Rewards                   Total(Cumulative)
Epoch0                          4,521.771335                        4,521.771335
Epoch1                              0.000000                        4,521.771335
Epoch2                              2.648424                        4,524.419759
Epoch3                              1.797082                        4,526.216841
Epoch4                              0.000000                        4,526.216841
Epoch5                              0.000000                        4,526.216841
Epoch6                              0.000000                        4,526.216841
Epoch7                              0.000000                        4,526.216841
Epoch8                              0.000000                        4,526.216841
Epoch9                              0.000000                        4,526.216841
Epoch10                             0.000000                        4,526.216841
Epoch11                             0.000000                        4,526.216841
Epoch12                             0.000000                        4,526.216841
Epoch13                             0.000000                        4,526.216841
Epoch14                             0.000000                        4,526.216841
Epoch15                             0.000000                        4,526.216841
Epoch16                             0.000000                        4,526.216841
Epoch17                             0.000000                        4,526.216841
Epoch18                             0.000000                        4,526.216841
Epoch19                             0.000000                        4,526.216841
Epoch20                             0.000000                        4,526.216841
Epoch21                             0.000000                        4,526.216841
Epoch22                             0.000000                        4,526.216841
Epoch23                             0.000000                        4,526.216841
Epoch24                             0.000000                        4,526.216841
Epoch25                             0.000000                        4,526.216841
Epoch26                             0.000000                        4,526.216841
Epoch27                             0.000000                        4,526.216841
