Epoch#                               Rewards                   Total(Cumulative)
Epoch0                          1,167.036005                        1,167.036005
Epoch1                              0.077427                        1,167.113433
Epoch2                              0.000000                        1,167.113433
Epoch3                              0.000000                        1,167.113433
Epoch4                              0.000000                        1,167.113433
Epoch5                              0.000000                        1,167.113433
Epoch6                              0.000000                        1,167.113433
Epoch7                              0.000000                        1,167.113433
Epoch8                              0.000000                        1,167.113433
Epoch9                              0.000000                        1,167.113433
Epoch10                             0.000000                        1,167.113433
Epoch11                             0.000000                        1,167.113433
Epoch12                             0.000000                        1,167.113433
Epoch13                             0.000000                        1,167.113433
Epoch14                             0.000000                        1,167.113433
