Epoch#                               Rewards                   Total(Cumulative)
Epoch0                          6,476.777216                        6,476.777216
Epoch1                              7.786790                        6,484.564007
Epoch2                              0.793861                        6,485.357868
Epoch3                              0.557904                        6,485.915772
Epoch4                              0.000000                        6,485.915772
Epoch5                              0.000000                        6,485.915772
Epoch6                              0.000000                        6,485.915772
Epoch7                              0.000000                        6,485.915772
Epoch8                              0.000000                        6,485.915772
Epoch9                              0.000000                        6,485.915772
Epoch10                             0.000000                        6,485.915772
Epoch11                             0.000000                        6,485.915772
Epoch12                             0.000000                        6,485.915772
Epoch13                             0.000000                        6,485.915772
Epoch14                             0.000000                        6,485.915772
Epoch15                             0.000000                        6,485.915772
Epoch16                             0.000000                        6,485.915772
Epoch17                             0.000000                        6,485.915772
Epoch18                             0.000000                        6,485.915772
Epoch19                             0.000000                        6,485.915772
Epoch20                             0.000000                        6,485.915772
Epoch21                             0.000000                        6,485.915772
Epoch22                             0.000000                        6,485.915772
Epoch23                             0.020051                        6,485.935823
Epoch24                             0.000000                        6,485.935823
Epoch25                             0.000000                        6,485.935823
Epoch26                             0.000000                        6,485.935823
Epoch27                             0.000000                        6,485.935823
Epoch28                             0.000000                        6,485.935823
Epoch29                             0.000000                        6,485.935823
