Epoch#                               Rewards                   Total(Cumulative)
Epoch0                          1,163.651179                        1,163.651179
Epoch1                              0.103078                        1,163.754256
Epoch2                              0.019172                        1,163.773428
Epoch3                              0.000000                        1,163.773428
Epoch4                              0.000000                        1,163.773428
Epoch5                              0.000000                        1,163.773428
Epoch6                              0.000000                        1,163.773428
Epoch7                              0.000000                        1,163.773428
Epoch8                              0.000000                        1,163.773428
Epoch9                              0.000000                        1,163.773428
Epoch10                             0.000000                        1,163.773428
Epoch11                             0.000000                        1,163.773428
Epoch12                             0.000000                        1,163.773428
Epoch13                             0.000000                        1,163.773428
Epoch14                             0.000000                        1,163.773428
Epoch15                             0.000000                        1,163.773428
Epoch16                             0.000000                        1,163.773428
Epoch17                             0.000000                        1,163.773428
Epoch18                             0.000000                        1,163.773428
Epoch19                             0.000000                        1,163.773428
Epoch20                             0.000000                        1,163.773428
Epoch21                             0.000000                        1,163.773428
Epoch22                             0.000000                        1,163.773428
Epoch23                             0.000000                        1,163.773428
Epoch24                             0.000000                        1,163.773428
Epoch25                             0.000000                        1,163.773428
Epoch26                             0.000000                        1,163.773428
Epoch27                             0.000000                        1,163.773428
Epoch28                             0.000000                        1,163.773428
Epoch29                             0.000000                        1,163.773428
Epoch30                             0.000000                        1,163.773428
Epoch31                             0.000000                        1,163.773428
