Epoch#                               Rewards                   Total(Cumulative)
Epoch0                          1,163.685530                        1,163.685530
Epoch1                              0.014417                        1,163.699947
Epoch2                              0.000000                        1,163.699947
Epoch3                              0.000000                        1,163.699947
Epoch4                              0.000000                        1,163.699947
Epoch5                              0.000000                        1,163.699947
Epoch6                              0.000000                        1,163.699947
Epoch7                              0.000000                        1,163.699947
Epoch8                              0.000000                        1,163.699947
Epoch9                              0.000000                        1,163.699947
Epoch10                             0.000000                        1,163.699947
Epoch11                             0.000000                        1,163.699947
Epoch12                             0.000000                        1,163.699947
Epoch13                             0.000000                        1,163.699947
Epoch14                             0.000000                        1,163.699947
Epoch15                             0.000000                        1,163.699947
Epoch16                             0.000000                        1,163.699947
