Epoch#                               Rewards                   Total(Cumulative)
Epoch0                          1,164.135385                        1,164.135385
Epoch1                            319.390390                        1,483.525775
Epoch2                              0.000000                        1,483.525775
Epoch3                              0.000000                        1,483.525775
Epoch4                              0.000000                        1,483.525775
Epoch5                              0.000000                        1,483.525775
Epoch6                              0.000000                        1,483.525775
Epoch7                              0.000000                        1,483.525775
Epoch8                              0.000000                        1,483.525775
Epoch9                              0.000000                        1,483.525775
Epoch10                             0.000000                        1,483.525775
Epoch11                             0.000000                        1,483.525775
Epoch12                             0.000000                        1,483.525775
Epoch13                             0.000000                        1,483.525775
Epoch14                             0.000000                        1,483.525775
Epoch15                             0.000000                        1,483.525775
Epoch16                             0.000000                        1,483.525775
Epoch17                             0.000000                        1,483.525775
Epoch18                             0.000000                        1,483.525775
Epoch19                             0.000000                        1,483.525775
Epoch20                             0.000000                        1,483.525775
Epoch21                             0.000000                        1,483.525775
Epoch22                             0.000000                        1,483.525775
Epoch23                             0.000000                        1,483.525775
Epoch24                             0.000000                        1,483.525775
Epoch25                             0.000000                        1,483.525775
Epoch26                             0.000000                        1,483.525775
Epoch27                             0.000000                        1,483.525775
Epoch28                             0.000000                        1,483.525775
Epoch29                             0.000000                        1,483.525775
Epoch30                             0.000000                        1,483.525775
