Epoch#                               Rewards                   Total(Cumulative)
Epoch0                          1,163.829721                        1,163.829721
Epoch1                              0.000000                        1,163.829721
Epoch2                              0.000000                        1,163.829721
Epoch3                              0.000000                        1,163.829721
Epoch4                              0.000000                        1,163.829721
Epoch5                              0.000000                        1,163.829721
Epoch6                              0.000000                        1,163.829721
Epoch7                              0.000000                        1,163.829721
Epoch8                              0.000000                        1,163.829721
Epoch9                              0.000000                        1,163.829721
Epoch10                             0.000000                        1,163.829721
Epoch11                             0.000000                        1,163.829721
Epoch12                             0.000000                        1,163.829721
Epoch13                             0.000000                        1,163.829721
Epoch14                             0.000000                        1,163.829721
Epoch15                             0.000000                        1,163.829721
Epoch16                             0.000000                        1,163.829721
Epoch17                             0.000000                        1,163.829721
Epoch18                             0.000000                        1,163.829721
Epoch19                             0.000000                        1,163.829721
Epoch20                             0.000000                        1,163.829721
Epoch21                             0.000000                        1,163.829721
Epoch22                             0.000000                        1,163.829721
Epoch23                             0.000000                        1,163.829721
Epoch24                             0.000000                        1,163.829721
Epoch25                             0.000000                        1,163.829721
Epoch26                             0.000000                        1,163.829721
Epoch27                             0.000000                        1,163.829721
Epoch28                             0.000000                        1,163.829721
Epoch29                             0.000000                        1,163.829721
Epoch30                             0.000000                        1,163.829721
