Epoch#                               Rewards                   Total(Cumulative)
Epoch0                          1,031.905092                        1,031.905092
Epoch1                              0.000000                        1,031.905092
Epoch2                              0.000000                        1,031.905092
Epoch3                              0.000000                        1,031.905092
Epoch4                              0.000000                        1,031.905092
Epoch5                              0.000000                        1,031.905092
Epoch6                              0.000000                        1,031.905092
Epoch7                              0.000000                        1,031.905092
Epoch8                              0.000000                        1,031.905092
Epoch9                              0.000000                        1,031.905092
Epoch10                             0.000000                        1,031.905092
Epoch11                             0.000000                        1,031.905092
Epoch12                             0.000000                        1,031.905092
Epoch13                             0.000000                        1,031.905092
Epoch14                             0.000000                        1,031.905092
Epoch15                             0.000000                        1,031.905092
Epoch16                             0.000000                        1,031.905092
Epoch17                             0.000000                        1,031.905092
