Epoch#                               Rewards                   Total(Cumulative)
Epoch0                          1,178.278490                        1,178.278490
Epoch1                              0.036730                        1,178.315220
Epoch2                              0.000000                        1,178.315220
Epoch3                              0.000000                        1,178.315220
Epoch4                              0.000000                        1,178.315220
Epoch5                              0.000000                        1,178.315220
Epoch6                              0.000000                        1,178.315220
Epoch7                              0.000000                        1,178.315220
Epoch8                              0.000000                        1,178.315220
Epoch9                              0.000000                        1,178.315220
Epoch10                             0.000000                        1,178.315220
Epoch11                             0.000000                        1,178.315220
Epoch12                             0.000000                        1,178.315220
Epoch13                             0.000000                        1,178.315220
Epoch14                             0.000000                        1,178.315220
Epoch15                             0.000000                        1,178.315220
Epoch16                             0.000000                        1,178.315220
Epoch17                             0.000000                        1,178.315220
