Epoch#                               Rewards                   Total(Cumulative)
Epoch0                          1,163.580221                        1,163.580221
Epoch1                              0.000000                        1,163.580221
Epoch2                              0.000000                        1,163.580221
Epoch3                              0.000000                        1,163.580221
Epoch4                              0.000000                        1,163.580221
Epoch5                              0.000000                        1,163.580221
Epoch6                              0.000000                        1,163.580221
Epoch7                              0.000000                        1,163.580221
Epoch8                              0.000000                        1,163.580221
Epoch9                              0.000000                        1,163.580221
Epoch10                             0.000000                        1,163.580221
Epoch11                             0.000000                        1,163.580221
Epoch12                             0.000000                        1,163.580221
Epoch13                             0.000000                        1,163.580221
Epoch14                             0.000000                        1,163.580221
