Epoch#                               Rewards                   Total(Cumulative)
Epoch0                          1,175.331520                        1,175.331520
Epoch1                              0.000000                        1,175.331520
Epoch2                              0.000000                        1,175.331520
Epoch3                              0.000000                        1,175.331520
Epoch4                              0.000000                        1,175.331520
Epoch5                              0.000000                        1,175.331520
Epoch6                              0.000000                        1,175.331520
Epoch7                              0.000000                        1,175.331520
Epoch8                              0.000000                        1,175.331520
Epoch9                              0.000000                        1,175.331520
Epoch10                             0.000000                        1,175.331520
Epoch11                             0.000000                        1,175.331520
Epoch12                             0.000000                        1,175.331520
Epoch13                             0.000000                        1,175.331520
Epoch14                             0.000000                        1,175.331520
