Epoch#                               Rewards                   Total(Cumulative)
Epoch0                          1,260.710884                        1,260.710884
Epoch1                              0.000000                        1,260.710884
Epoch2                              0.000000                        1,260.710884
Epoch3                              0.000000                        1,260.710884
Epoch4                              0.000000                        1,260.710884
Epoch5                              0.000000                        1,260.710884
Epoch6                              0.000000                        1,260.710884
Epoch7                              0.000000                        1,260.710884
Epoch8                              0.000000                        1,260.710884
Epoch9                              0.000000                        1,260.710884
Epoch10                             0.000000                        1,260.710884
Epoch11                             0.000000                        1,260.710884
Epoch12                             0.000000                        1,260.710884
Epoch13                             0.000000                        1,260.710884
Epoch14                             0.000000                        1,260.710884
Epoch15                             0.000000                        1,260.710884
Epoch16                             0.000000                        1,260.710884
Epoch17                             0.000000                        1,260.710884
