Epoch#                               Rewards                   Total(Cumulative)
Epoch0                          1,167.928607                        1,167.928607
Epoch1                              0.000000                        1,167.928607
Epoch2                              0.000000                        1,167.928607
Epoch3                              0.000000                        1,167.928607
Epoch4                              0.000000                        1,167.928607
Epoch5                              0.000000                        1,167.928607
Epoch6                              0.000000                        1,167.928607
Epoch7                              0.000000                        1,167.928607
Epoch8                              0.000000                        1,167.928607
Epoch9                              0.000000                        1,167.928607
Epoch10                             0.000000                        1,167.928607
Epoch11                             0.000000                        1,167.928607
Epoch12                             0.000000                        1,167.928607
Epoch13                             0.000000                        1,167.928607
Epoch14                             0.000000                        1,167.928607
Epoch15                             0.000000                        1,167.928607
Epoch16                             0.000000                        1,167.928607
Epoch17                             0.000000                        1,167.928607
