Epoch#                               Rewards                   Total(Cumulative)
Epoch0                          1,164.345639                        1,164.345639
Epoch1                              0.000000                        1,164.345639
Epoch2                              0.000000                        1,164.345639
Epoch3                              0.000000                        1,164.345639
Epoch4                              0.000000                        1,164.345639
Epoch5                              0.000000                        1,164.345639
Epoch6                              0.000000                        1,164.345639
Epoch7                              0.000000                        1,164.345639
Epoch8                              0.000000                        1,164.345639
Epoch9                              0.000000                        1,164.345639
Epoch10                             0.000000                        1,164.345639
Epoch11                             0.000000                        1,164.345639
Epoch12                             0.000000                        1,164.345639
Epoch13                             0.000000                        1,164.345639
Epoch14                             0.000000                        1,164.345639
Epoch15                             0.000000                        1,164.345639
