Epoch#                               Rewards                   Total(Cumulative)
Epoch0                          1,165.561414                        1,165.561414
Epoch1                              0.000000                        1,165.561414
Epoch2                              0.000000                        1,165.561414
Epoch3                              0.000000                        1,165.561414
Epoch4                              0.000000                        1,165.561414
Epoch5                              0.000000                        1,165.561414
Epoch6                              0.000000                        1,165.561414
Epoch7                              0.000000                        1,165.561414
Epoch8                              0.000000                        1,165.561414
Epoch9                              0.000000                        1,165.561414
Epoch10                             0.000000                        1,165.561414
Epoch11                             0.000000                        1,165.561414
Epoch12                             0.000000                        1,165.561414
Epoch13                             0.000000                        1,165.561414
Epoch14                             0.000000                        1,165.561414
