Epoch#                               Rewards                   Total(Cumulative)
Epoch0                          1,164.033845                        1,164.033845
Epoch1                              0.000000                        1,164.033845
Epoch2                              0.000000                        1,164.033845
Epoch3                              0.000000                        1,164.033845
Epoch4                              0.000000                        1,164.033845
Epoch5                              0.000000                        1,164.033845
Epoch6                              0.000000                        1,164.033845
Epoch7                              0.000000                        1,164.033845
Epoch8                              0.000000                        1,164.033845
Epoch9                              0.000000                        1,164.033845
Epoch10                             0.000000                        1,164.033845
Epoch11                             0.000000                        1,164.033845
Epoch12                             0.000000                        1,164.033845
Epoch13                             0.000000                        1,164.033845
Epoch14                             0.000000                        1,164.033845
Epoch15                             0.000000                        1,164.033845
Epoch16                             0.000000                        1,164.033845
Epoch17                             0.000000                        1,164.033845
Epoch18                             0.000000                        1,164.033845
Epoch19                             0.000000                        1,164.033845
Epoch20                             0.000000                        1,164.033845
Epoch21                             0.000000                        1,164.033845
Epoch22                             0.000000                        1,164.033845
Epoch23                             0.000000                        1,164.033845
Epoch24                             0.000000                        1,164.033845
Epoch25                             0.000000                        1,164.033845
Epoch26                             0.000000                        1,164.033845
Epoch27                             0.000000                        1,164.033845
Epoch28                             0.000000                        1,164.033845
Epoch29                             0.000000                        1,164.033845
Epoch30                             0.000000                        1,164.033845
