Epoch#                               Rewards                   Total(Cumulative)
Epoch0                          1,235.196633                        1,235.196633
Epoch1                          1,340.742213                        2,575.938846
Epoch2                            520.280777                        3,096.219623
Epoch3                             14.315480                        3,110.535102
Epoch4                             13.755690                        3,124.290792
Epoch5                              0.000000                        3,124.290792
Epoch6                              0.000000                        3,124.290792
Epoch7                              0.000000                        3,124.290792
Epoch8                              0.000000                        3,124.290792
Epoch9                              0.000000                        3,124.290792
Epoch10                             0.000000                        3,124.290792
Epoch11                             0.000000                        3,124.290792
Epoch12                             0.000000                        3,124.290792
Epoch13                             0.000000                        3,124.290792
Epoch14                             0.000000                        3,124.290792
Epoch15                             0.000000                        3,124.290792
Epoch16                             0.000000                        3,124.290792
Epoch17                             0.000000                        3,124.290792
Epoch18                             0.000000                        3,124.290792
Epoch19                             0.000000                        3,124.290792
Epoch20                             0.000000                        3,124.290792
Epoch21                             0.000000                        3,124.290792
Epoch22                             0.000000                        3,124.290792
Epoch23                             0.000000                        3,124.290792
Epoch24                             0.000000                        3,124.290792
Epoch25                             0.000000                        3,124.290792
Epoch26                             0.000000                        3,124.290792
Epoch27                             0.000000                        3,124.290792
Epoch28                             0.000000                        3,124.290792
