Epoch#                               Rewards                   Total(Cumulative)
Epoch0                          1,165.181801                        1,165.181801
Epoch1                              0.000000                        1,165.181801
Epoch2                              0.000000                        1,165.181801
Epoch3                              0.000000                        1,165.181801
Epoch4                              0.000000                        1,165.181801
Epoch5                              0.000000                        1,165.181801
Epoch6                              0.000000                        1,165.181801
Epoch7                              0.000000                        1,165.181801
Epoch8                              0.000000                        1,165.181801
Epoch9                              0.000000                        1,165.181801
Epoch10                             0.000000                        1,165.181801
Epoch11                             0.000000                        1,165.181801
Epoch12                             0.000000                        1,165.181801
Epoch13                             0.000000                        1,165.181801
Epoch14                             0.000000                        1,165.181801
Epoch15                             0.000000                        1,165.181801
Epoch16                             0.000000                        1,165.181801
Epoch17                             0.000000                        1,165.181801
Epoch18                             0.000000                        1,165.181801
Epoch19                             0.000000                        1,165.181801
Epoch20                             0.000000                        1,165.181801
Epoch21                             0.000000                        1,165.181801
Epoch22                             0.000000                        1,165.181801
Epoch23                             0.000000                        1,165.181801
Epoch24                             0.000000                        1,165.181801
Epoch25                             0.000000                        1,165.181801
Epoch26                             0.000000                        1,165.181801
Epoch27                             0.000000                        1,165.181801
Epoch28                             0.000000                        1,165.181801
