Epoch#                               Rewards                   Total(Cumulative)
Epoch0                          6,489.760506                        6,489.760506
Epoch1                             48.838777                        6,538.599283
Epoch2                              9.969877                        6,548.569161
Epoch3                              0.869181                        6,549.438342
Epoch4                              0.000000                        6,549.438342
Epoch5                              0.000000                        6,549.438342
Epoch6                              0.000000                        6,549.438342
Epoch7                              6.599669                        6,556.038011
Epoch8                              0.000000                        6,556.038011
Epoch9                              0.000000                        6,556.038011
Epoch10                             0.000000                        6,556.038011
Epoch11                             0.000000                        6,556.038011
Epoch12                             0.000000                        6,556.038011
Epoch13                             0.000000                        6,556.038011
Epoch14                            46.766635                        6,602.804646
Epoch15                             0.000000                        6,602.804646
Epoch16                             0.000000                        6,602.804646
Epoch17                             0.000000                        6,602.804646
Epoch18                             0.000000                        6,602.804646
Epoch19                             0.000000                        6,602.804646
Epoch20                             0.000000                        6,602.804646
Epoch21                             0.000000                        6,602.804646
Epoch22                             0.000000                        6,602.804646
Epoch23                             0.000000                        6,602.804646
Epoch24                             0.000000                        6,602.804646
Epoch25                             0.000000                        6,602.804646
Epoch26                             0.000000                        6,602.804646
Epoch27                             0.000000                        6,602.804646
Epoch28                             0.000000                        6,602.804646
Epoch29                             0.000000                        6,602.804646
Epoch30                             0.000000                        6,602.804646
