Epoch#                               Rewards                   Total(Cumulative)
Epoch0                          1,163.628791                        1,163.628791
Epoch1                              0.007369                        1,163.636159
Epoch2                              0.000000                        1,163.636159
Epoch3                              0.000000                        1,163.636159
Epoch4                              0.000000                        1,163.636159
Epoch5                              0.000000                        1,163.636159
Epoch6                              0.000000                        1,163.636159
Epoch7                              0.001993                        1,163.638152
Epoch8                              0.000000                        1,163.638152
Epoch9                              0.000000                        1,163.638152
Epoch10                             0.000000                        1,163.638152
Epoch11                             0.000000                        1,163.638152
Epoch12                             0.000000                        1,163.638152
Epoch13                             0.000000                        1,163.638152
Epoch14                             0.000000                        1,163.638152
Epoch15                             0.000000                        1,163.638152
Epoch16                             0.000000                        1,163.638152
Epoch17                             0.000000                        1,163.638152
