Epoch#                               Rewards                   Total(Cumulative)
Epoch0                          1,163.740208                        1,163.740208
Epoch1                              0.000000                        1,163.740208
Epoch2                              0.000000                        1,163.740208
Epoch3                              0.000000                        1,163.740208
Epoch4                              0.000000                        1,163.740208
Epoch5                              0.000000                        1,163.740208
Epoch6                              0.000000                        1,163.740208
Epoch7                              0.000000                        1,163.740208
Epoch8                              0.256389                        1,163.996598
Epoch9                              0.000000                        1,163.996598
Epoch10                             0.000000                        1,163.996598
Epoch11                             0.000000                        1,163.996598
Epoch12                             0.000000                        1,163.996598
Epoch13                             0.000000                        1,163.996598
Epoch14                             0.000000                        1,163.996598
Epoch15                             0.000000                        1,163.996598
