Epoch#                               Rewards                   Total(Cumulative)
Epoch0                          1,192.675422                        1,192.675422
Epoch1                              3.500393                        1,196.175816
Epoch2                              0.000000                        1,196.175816
Epoch3                              0.000000                        1,196.175816
Epoch4                              0.000000                        1,196.175816
Epoch5                              0.000000                        1,196.175816
Epoch6                              3.386231                        1,199.562046
Epoch7                              0.000000                        1,199.562046
Epoch8                              0.000000                        1,199.562046
Epoch9                              0.022880                        1,199.584927
Epoch10                             0.000000                        1,199.584927
Epoch11                             0.000000                        1,199.584927
Epoch12                             0.000000                        1,199.584927
Epoch13                             0.000000                        1,199.584927
Epoch14                             0.000000                        1,199.584927
Epoch15                             0.000000                        1,199.584927
Epoch16                             0.000000                        1,199.584927
Epoch17                             0.000000                        1,199.584927
Epoch18                             0.000000                        1,199.584927
Epoch19                             0.000000                        1,199.584927
Epoch20                             0.000000                        1,199.584927
Epoch21                             0.000000                        1,199.584927
Epoch22                             0.000000                        1,199.584927
Epoch23                             0.000000                        1,199.584927
Epoch24                             0.000000                        1,199.584927
Epoch25                             0.000000                        1,199.584927
Epoch26                             0.000000                        1,199.584927
Epoch27                             0.000000                        1,199.584927
Epoch28                             0.000000                        1,199.584927
