Epoch#                               Rewards                   Total(Cumulative)
Epoch0                          6,510.380218                        6,510.380218
Epoch1                             13.120700                        6,523.500918
Epoch2                              4.205048                        6,527.705966
Epoch3                              7.322427                        6,535.028393
Epoch4                              0.000000                        6,535.028393
Epoch5                              0.000000                        6,535.028393
Epoch6                              0.000000                        6,535.028393
Epoch7                              0.000000                        6,535.028393
Epoch8                              0.000000                        6,535.028393
Epoch9                              0.000000                        6,535.028393
Epoch10                             0.000000                        6,535.028393
Epoch11                             0.000000                        6,535.028393
Epoch12                             0.000000                        6,535.028393
Epoch13                             0.000000                        6,535.028393
Epoch14                             0.000000                        6,535.028393
Epoch15                             0.000000                        6,535.028393
Epoch16                             0.000000                        6,535.028393
Epoch17                             0.000000                        6,535.028393
Epoch18                             0.000000                        6,535.028393
Epoch19                             0.000000                        6,535.028393
Epoch20                             0.000000                        6,535.028393
Epoch21                             0.000000                        6,535.028393
Epoch22                             0.000000                        6,535.028393
Epoch23                             0.000000                        6,535.028393
Epoch24                             0.000000                        6,535.028393
Epoch25                             0.000000                        6,535.028393
Epoch26                             0.000000                        6,535.028393
Epoch27                             0.000000                        6,535.028393
Epoch28                             0.000000                        6,535.028393
Epoch29                             0.000000                        6,535.028393
Epoch30                             0.000000                        6,535.028393
Epoch31                             0.000000                        6,535.028393
