Epoch#                               Rewards                   Total(Cumulative)
Epoch0                          6,432.129351                        6,432.129351
Epoch1                              0.000000                        6,432.129351
Epoch2                              0.000000                        6,432.129351
Epoch3                              0.000000                        6,432.129351
Epoch4                              0.000000                        6,432.129351
Epoch5                              0.000000                        6,432.129351
Epoch6                              0.000000                        6,432.129351
Epoch7                              0.000000                        6,432.129351
Epoch8                              0.000000                        6,432.129351
Epoch9                              0.000000                        6,432.129351
Epoch10                             0.000000                        6,432.129351
Epoch11                             0.000000                        6,432.129351
Epoch12                             0.000000                        6,432.129351
Epoch13                             0.000000                        6,432.129351
Epoch14                             0.000000                        6,432.129351
Epoch15                             0.000000                        6,432.129351
Epoch16                             0.000000                        6,432.129351
Epoch17                             0.000000                        6,432.129351
