Epoch#                               Rewards                   Total(Cumulative)
Epoch0                          1,163.793343                        1,163.793343
Epoch1                              0.000000                        1,163.793343
Epoch2                              0.000000                        1,163.793343
Epoch3                              0.000000                        1,163.793343
Epoch4                              0.000000                        1,163.793343
Epoch5                              0.000000                        1,163.793343
Epoch6                              0.000000                        1,163.793343
Epoch7                              0.000000                        1,163.793343
Epoch8                              0.000000                        1,163.793343
Epoch9                              0.000000                        1,163.793343
Epoch10                             0.000000                        1,163.793343
Epoch11                             0.000000                        1,163.793343
Epoch12                             0.000000                        1,163.793343
Epoch13                             0.000000                        1,163.793343
Epoch14                             0.000000                        1,163.793343
Epoch15                             0.000000                        1,163.793343
Epoch16                             0.000000                        1,163.793343
Epoch17                             0.000000                        1,163.793343
