Epoch#                               Rewards                   Total(Cumulative)
Epoch0                          4,350.575171                        4,350.575171
Epoch1                              0.000000                        4,350.575171
Epoch2                              0.000000                        4,350.575171
Epoch3                              0.000000                        4,350.575171
Epoch4                              0.000000                        4,350.575171
Epoch5                              0.000000                        4,350.575171
Epoch6                              0.000000                        4,350.575171
Epoch7                              0.000000                        4,350.575171
Epoch8                              0.000000                        4,350.575171
Epoch9                              0.000000                        4,350.575171
Epoch10                             0.000000                        4,350.575171
Epoch11                             0.000000                        4,350.575171
Epoch12                             0.000000                        4,350.575171
Epoch13                             0.000000                        4,350.575171
Epoch14                             0.000000                        4,350.575171
Epoch15                             0.000000                        4,350.575171
Epoch16                             0.000000                        4,350.575171
