Epoch#                               Rewards                   Total(Cumulative)
Epoch0                          9,529.860000                        9,529.860000
Epoch1                            732.563493                       10,262.423493
Epoch2                              0.000000                       10,262.423493
Epoch3                             91.570309                       10,353.993802
Epoch4                              0.000000                       10,353.993802
Epoch5                            305.478399                       10,659.472201
Epoch6                              0.000000                       10,659.472201
Epoch7                              0.000000                       10,659.472201
Epoch8                              0.000000                       10,659.472201
Epoch9                              0.000000                       10,659.472201
Epoch10                             0.000000                       10,659.472201
Epoch11                            33.066672                       10,692.538874
Epoch12                             0.000000                       10,692.538874
Epoch13                             0.000000                       10,692.538874
Epoch14                             0.000000                       10,692.538874
