Epoch#                               Rewards                   Total(Cumulative)
Epoch0                          6,413.910000                        6,413.910000
Epoch1                              0.000000                        6,413.910000
Epoch2                              0.000000                        6,413.910000
Epoch3                              0.000000                        6,413.910000
Epoch4                              0.000000                        6,413.910000
Epoch5                              0.000000                        6,413.910000
Epoch6                              0.000000                        6,413.910000
Epoch7                              0.000000                        6,413.910000
Epoch8                              0.000000                        6,413.910000
Epoch9                              0.000000                        6,413.910000
Epoch10                             0.000000                        6,413.910000
Epoch11                             0.000000                        6,413.910000
Epoch12                             0.000000                        6,413.910000
Epoch13                             0.000000                        6,413.910000
Epoch14                             0.000000                        6,413.910000
Epoch15                             0.000000                        6,413.910000
Epoch16                             0.000000                        6,413.910000
Epoch17                             0.000000                        6,413.910000
Epoch18                             0.000000                        6,413.910000
Epoch19                           426.024072                        6,839.934072
Epoch20                             0.000000                        6,839.934072
Epoch21                             0.000000                        6,839.934072
Epoch22                             0.000000                        6,839.934072
Epoch23                             0.000000                        6,839.934072
Epoch24                             0.000000                        6,839.934072
Epoch25                             0.000000                        6,839.934072
Epoch26                             0.000000                        6,839.934072
Epoch27                             0.000000                        6,839.934072
Epoch28                             0.000000                        6,839.934072
Epoch29                             0.000000                        6,839.934072
Epoch30                             0.000000                        6,839.934072
Epoch31                             0.000000                        6,839.934072
