Epoch#                               Rewards                   Total(Cumulative)
Epoch0                          1,163.993188                        1,163.993188
Epoch1                              0.429267                        1,164.422456
Epoch2                              0.000000                        1,164.422456
Epoch3                              0.000000                        1,164.422456
Epoch4                              0.000000                        1,164.422456
Epoch5                              0.000000                        1,164.422456
Epoch6                              0.000000                        1,164.422456
Epoch7                              0.000000                        1,164.422456
Epoch8                              0.000000                        1,164.422456
Epoch9                              0.000000                        1,164.422456
Epoch10                             0.000000                        1,164.422456
Epoch11                             0.000000                        1,164.422456
Epoch12                             0.000000                        1,164.422456
Epoch13                             0.000000                        1,164.422456
Epoch14                             0.000000                        1,164.422456
Epoch15                             0.000000                        1,164.422456
Epoch16                             0.000000                        1,164.422456
