Epoch#                               Rewards                   Total(Cumulative)
Epoch0                          1,446.124417                        1,446.124417
Epoch1                             41.563422                        1,487.687839
Epoch2                            528.990142                        2,016.677981
Epoch3                            359.030379                        2,375.708360
Epoch4                            261.475618                        2,637.183977
Epoch5                             80.609896                        2,717.793873
Epoch6                              0.000000                        2,717.793873
Epoch7                              6.194994                        2,723.988867
Epoch8                              4.487512                        2,728.476378
Epoch9                              4.553667                        2,733.030046
Epoch10                             0.000000                        2,733.030046
Epoch11                             5.152533                        2,738.182579
Epoch12                             0.000000                        2,738.182579
Epoch13                             0.000000                        2,738.182579
Epoch14                             0.000000                        2,738.182579
Epoch15                             0.000000                        2,738.182579
Epoch16                             0.000000                        2,738.182579
Epoch17                             0.000000                        2,738.182579
Epoch18                             0.000000                        2,738.182579
Epoch19                             0.000000                        2,738.182579
Epoch20                             0.000000                        2,738.182579
Epoch21                             0.000000                        2,738.182579
Epoch22                             0.000000                        2,738.182579
Epoch23                             0.000000                        2,738.182579
Epoch24                             0.000000                        2,738.182579
Epoch25                             0.000000                        2,738.182579
Epoch26                             0.000000                        2,738.182579
Epoch27                             0.000000                        2,738.182579
Epoch28                             0.104525                        2,738.287104
Epoch29                             0.021067                        2,738.308171
Epoch30                             0.000000                        2,738.308171
Epoch31                             0.000000                        2,738.308171
