Epoch#                               Rewards                   Total(Cumulative)
Epoch0                          1,164.887237                        1,164.887237
Epoch1                              0.000000                        1,164.887237
Epoch2                              0.000000                        1,164.887237
Epoch3                              0.000000                        1,164.887237
Epoch4                              0.000000                        1,164.887237
Epoch5                              0.000000                        1,164.887237
Epoch6                              0.000000                        1,164.887237
Epoch7                              0.000000                        1,164.887237
Epoch8                              0.000000                        1,164.887237
Epoch9                              0.000000                        1,164.887237
Epoch10                             0.000000                        1,164.887237
Epoch11                             0.000000                        1,164.887237
Epoch12                             0.000000                        1,164.887237
Epoch13                             0.000000                        1,164.887237
Epoch14                             0.000000                        1,164.887237
