Epoch#                               Rewards                   Total(Cumulative)
Epoch0                          4,351.333900                        4,351.333900
Epoch1                              0.000000                        4,351.333900
Epoch2                              0.000000                        4,351.333900
Epoch3                              0.000000                        4,351.333900
Epoch4                              0.000000                        4,351.333900
Epoch5                              0.000000                        4,351.333900
Epoch6                              0.000000                        4,351.333900
Epoch7                              0.000000                        4,351.333900
Epoch8                              0.000000                        4,351.333900
Epoch9                              0.000000                        4,351.333900
Epoch10                             0.000000                        4,351.333900
Epoch11                             0.000000                        4,351.333900
Epoch12                             0.000000                        4,351.333900
Epoch13                             0.000000                        4,351.333900
Epoch14                             0.000000                        4,351.333900
Epoch15                             0.000000                        4,351.333900
Epoch16                             0.000000                        4,351.333900
Epoch17                             0.000000                        4,351.333900
Epoch18                             0.000000                        4,351.333900
Epoch19                             0.000000                        4,351.333900
Epoch20                             0.000000                        4,351.333900
Epoch21                             0.000000                        4,351.333900
Epoch22                             0.000000                        4,351.333900
Epoch23                             0.000000                        4,351.333900
Epoch24                             0.000000                        4,351.333900
Epoch25                             0.000000                        4,351.333900
Epoch26                             0.000000                        4,351.333900
Epoch27                             0.000000                        4,351.333900
Epoch28                             0.000000                        4,351.333900
Epoch29                             0.000000                        4,351.333900
