Epoch#                               Rewards                   Total(Cumulative)
Epoch0                          1,163.771171                        1,163.771171
Epoch1                              0.000000                        1,163.771171
Epoch2                              0.000000                        1,163.771171
Epoch3                              0.000000                        1,163.771171
Epoch4                              0.000000                        1,163.771171
Epoch5                              0.000000                        1,163.771171
Epoch6                              0.000000                        1,163.771171
Epoch7                              0.000000                        1,163.771171
Epoch8                              0.000000                        1,163.771171
Epoch9                              0.000000                        1,163.771171
Epoch10                             0.000000                        1,163.771171
Epoch11                             0.000000                        1,163.771171
Epoch12                             0.000000                        1,163.771171
Epoch13                             0.000000                        1,163.771171
Epoch14                             0.000000                        1,163.771171
Epoch15                             0.000000                        1,163.771171
Epoch16                             0.000000                        1,163.771171
Epoch17                             0.000000                        1,163.771171
Epoch18                             0.000000                        1,163.771171
Epoch19                             0.000000                        1,163.771171
Epoch20                             0.000000                        1,163.771171
Epoch21                             0.000000                        1,163.771171
Epoch22                             0.000000                        1,163.771171
Epoch23                             0.000000                        1,163.771171
Epoch24                             0.000000                        1,163.771171
Epoch25                             0.000000                        1,163.771171
Epoch26                             0.000000                        1,163.771171
Epoch27                             0.000000                        1,163.771171
Epoch28                             0.000000                        1,163.771171
Epoch29                             0.000000                        1,163.771171
