Epoch#                               Rewards                   Total(Cumulative)
Epoch0                          1,163.717141                        1,163.717141
Epoch1                              0.000000                        1,163.717141
Epoch2                              0.000000                        1,163.717141
Epoch3                              0.000000                        1,163.717141
Epoch4                              0.000000                        1,163.717141
Epoch5                              0.000000                        1,163.717141
Epoch6                              0.000000                        1,163.717141
Epoch7                              0.000000                        1,163.717141
Epoch8                              0.000000                        1,163.717141
Epoch9                              0.000000                        1,163.717141
Epoch10                             0.000000                        1,163.717141
Epoch11                             0.000000                        1,163.717141
Epoch12                             0.000000                        1,163.717141
Epoch13                             0.000000                        1,163.717141
Epoch14                             0.000000                        1,163.717141
Epoch15                             0.000000                        1,163.717141
Epoch16                             0.000000                        1,163.717141
Epoch17                             0.000000                        1,163.717141
