Epoch#                               Rewards                   Total(Cumulative)
Epoch0                          1,185.506267                        1,185.506267
Epoch1                             42.048146                        1,227.554413
Epoch2                              5.638157                        1,233.192570
Epoch3                              0.236483                        1,233.429053
Epoch4                              0.000000                        1,233.429053
Epoch5                              0.000000                        1,233.429053
Epoch6                              0.000000                        1,233.429053
Epoch7                              0.000000                        1,233.429053
Epoch8                              0.000000                        1,233.429053
Epoch9                              0.000000                        1,233.429053
Epoch10                             0.000000                        1,233.429053
Epoch11                             0.000000                        1,233.429053
Epoch12                             0.000000                        1,233.429053
Epoch13                             0.000000                        1,233.429053
Epoch14                             0.000000                        1,233.429053
Epoch15                             0.000000                        1,233.429053
Epoch16                             0.000000                        1,233.429053
Epoch17                             0.000000                        1,233.429053
Epoch18                             0.000000                        1,233.429053
Epoch19                             0.000000                        1,233.429053
Epoch20                             0.000000                        1,233.429053
Epoch21                             0.000000                        1,233.429053
Epoch22                             0.000000                        1,233.429053
Epoch23                             0.000000                        1,233.429053
Epoch24                             0.000000                        1,233.429053
Epoch25                             0.000000                        1,233.429053
Epoch26                             0.000000                        1,233.429053
Epoch27                             0.000000                        1,233.429053
Epoch28                             0.000000                        1,233.429053
Epoch29                             0.000000                        1,233.429053
Epoch30                             0.000000                        1,233.429053
