Epoch#                               Rewards                   Total(Cumulative)
Epoch0                          1,164.840408                        1,164.840408
Epoch1                              0.000000                        1,164.840408
Epoch2                              0.000000                        1,164.840408
Epoch3                              0.000000                        1,164.840408
Epoch4                              0.000000                        1,164.840408
Epoch5                              0.000000                        1,164.840408
Epoch6                              0.000000                        1,164.840408
Epoch7                              0.000000                        1,164.840408
Epoch8                              0.013835                        1,164.854244
Epoch9                              0.000000                        1,164.854244
Epoch10                             0.000000                        1,164.854244
Epoch11                             0.000000                        1,164.854244
Epoch12                             0.000000                        1,164.854244
Epoch13                             0.000000                        1,164.854244
Epoch14                             0.000000                        1,164.854244
Epoch15                             0.000000                        1,164.854244
Epoch16                             0.000000                        1,164.854244
Epoch17                             0.000000                        1,164.854244
Epoch18                             0.000000                        1,164.854244
Epoch19                             0.000000                        1,164.854244
Epoch20                             0.000000                        1,164.854244
Epoch21                             0.000000                        1,164.854244
Epoch22                             0.000000                        1,164.854244
Epoch23                             0.000000                        1,164.854244
Epoch24                             0.000000                        1,164.854244
Epoch25                             0.000000                        1,164.854244
Epoch26                             0.000000                        1,164.854244
Epoch27                             0.000000                        1,164.854244
Epoch28                             0.000000                        1,164.854244
Epoch29                             0.000000                        1,164.854244
