Epoch#                               Rewards                   Total(Cumulative)
Epoch0                          4,350.439428                        4,350.439428
Epoch1                            114.222025                        4,464.661454
Epoch2                             23.800969                        4,488.462422
Epoch3                              0.000000                        4,488.462422
Epoch4                              0.000000                        4,488.462422
Epoch5                              0.000000                        4,488.462422
Epoch6                              0.000000                        4,488.462422
Epoch7                              0.000000                        4,488.462422
Epoch8                              0.000000                        4,488.462422
Epoch9                              0.000000                        4,488.462422
Epoch10                             0.000000                        4,488.462422
Epoch11                             0.000000                        4,488.462422
Epoch12                             0.000000                        4,488.462422
Epoch13                             0.000000                        4,488.462422
Epoch14                             0.000000                        4,488.462422
