Epoch#                               Rewards                   Total(Cumulative)
Epoch0                          4,353.239300                        4,353.239300
Epoch1                              0.000000                        4,353.239300
Epoch2                              0.000000                        4,353.239300
Epoch3                              0.000000                        4,353.239300
Epoch4                              0.000000                        4,353.239300
Epoch5                              0.000000                        4,353.239300
Epoch6                              0.000000                        4,353.239300
Epoch7                              0.000000                        4,353.239300
Epoch8                              0.013073                        4,353.252373
Epoch9                              0.000000                        4,353.252373
Epoch10                             0.000000                        4,353.252373
Epoch11                             0.000000                        4,353.252373
Epoch12                             0.000000                        4,353.252373
Epoch13                             0.000000                        4,353.252373
Epoch14                             0.000000                        4,353.252373
