Epoch#                               Rewards                   Total(Cumulative)
Epoch0                              0.000000                            0.000000
Epoch1                          1,089.665687                        1,089.665687
Epoch2                            733.846607                        1,823.512294
Epoch3                              0.000000                        1,823.512294
Epoch4                              0.000000                        1,823.512294
Epoch5                              0.000000                        1,823.512294
Epoch6                              0.000000                        1,823.512294
Epoch7                              0.000000                        1,823.512294
Epoch8                             23.424047                        1,846.936341
Epoch9                              0.000000                        1,846.936341
Epoch10                             0.000000                        1,846.936341
Epoch11                            55.017518                        1,901.953859
Epoch12                             0.000000                        1,901.953859
Epoch13                             0.000000                        1,901.953859
Epoch14                             0.000000                        1,901.953859
Epoch15                             0.000000                        1,901.953859
