Epoch#                               Rewards                   Total(Cumulative)
Epoch0                          1,163.549445                        1,163.549445
Epoch1                              0.000000                        1,163.549445
Epoch2                              0.000000                        1,163.549445
Epoch3                              0.000000                        1,163.549445
Epoch4                              0.000000                        1,163.549445
Epoch5                              0.000000                        1,163.549445
Epoch6                              0.000000                        1,163.549445
Epoch7                              0.000000                        1,163.549445
Epoch8                              0.000000                        1,163.549445
Epoch9                              0.000000                        1,163.549445
Epoch10                             0.000000                        1,163.549445
Epoch11                             0.000000                        1,163.549445
Epoch12                             0.000000                        1,163.549445
Epoch13                             0.000000                        1,163.549445
Epoch14                             0.000000                        1,163.549445
Epoch15                             0.000000                        1,163.549445
Epoch16                             0.000000                        1,163.549445
