Epoch#                               Rewards                   Total(Cumulative)
Epoch0                              0.000000                            0.000000
Epoch1                              0.000000                            0.000000
Epoch2                              0.000000                            0.000000
Epoch3                              0.000000                            0.000000
Epoch4                              0.000000                            0.000000
Epoch5                              0.000000                            0.000000
Epoch6                              0.000000                            0.000000
Epoch7                              0.000000                            0.000000
Epoch8                              0.000000                            0.000000
Epoch9                              0.000000                            0.000000
Epoch10                             0.000000                            0.000000
Epoch11                             0.000000                            0.000000
Epoch12                             0.000000                            0.000000
Epoch13                        23,066.244472                       23,066.244472
Epoch14                        12,798.217926                       35,864.462399
Epoch15                         4,367.418957                       40,231.881356
Epoch16                         3,109.344966                       43,341.226322
Epoch17                         7,082.917043                       50,424.143365
Epoch18                         7,366.107035                       57,790.250400
Epoch19                         7,411.925378                       65,202.175778
Epoch20                         4,361.669689                       69,563.845467
Epoch21                         3,218.685547                       72,782.531014
Epoch22                           561.506244                       73,344.037258
Epoch23                             0.000000                       73,344.037258
Epoch24                             0.000000                       73,344.037258
Epoch25                             0.000000                       73,344.037258
Epoch26                             0.000000                       73,344.037258
Epoch27                             0.000000                       73,344.037258
