Epoch#                               Rewards                   Total(Cumulative)
Epoch0                          1,163.520274                        1,163.520274
Epoch1                              0.018385                        1,163.538659
Epoch2                              0.000000                        1,163.538659
Epoch3                              0.000000                        1,163.538659
Epoch4                              0.000000                        1,163.538659
Epoch5                              0.000000                        1,163.538659
Epoch6                              0.000000                        1,163.538659
Epoch7                              0.000000                        1,163.538659
Epoch8                              0.000000                        1,163.538659
Epoch9                              0.000000                        1,163.538659
Epoch10                             0.000000                        1,163.538659
Epoch11                             0.000000                        1,163.538659
Epoch12                             0.000000                        1,163.538659
Epoch13                             0.000000                        1,163.538659
Epoch14                             0.000000                        1,163.538659
Epoch15                             0.000000                        1,163.538659
Epoch16                             0.000000                        1,163.538659
