Epoch#                               Rewards                   Total(Cumulative)
Epoch0                          4,354.098454                        4,354.098454
Epoch1                             11.781204                        4,365.879658
Epoch2                              1.687718                        4,367.567376
Epoch3                              2.515768                        4,370.083143
Epoch4                              0.061243                        4,370.144386
Epoch5                              0.000000                        4,370.144386
Epoch6                              0.000000                        4,370.144386
Epoch7                              0.000000                        4,370.144386
Epoch8                              0.000000                        4,370.144386
Epoch9                              0.000000                        4,370.144386
Epoch10                             0.000000                        4,370.144386
Epoch11                             0.000000                        4,370.144386
Epoch12                             0.000000                        4,370.144386
Epoch13                             0.000000                        4,370.144386
Epoch14                             0.000000                        4,370.144386
Epoch15                             0.000000                        4,370.144386
Epoch16                             0.000000                        4,370.144386
Epoch17                             0.000000                        4,370.144386
Epoch18                             0.000000                        4,370.144386
Epoch19                             0.000000                        4,370.144386
Epoch20                             0.000000                        4,370.144386
Epoch21                             0.000000                        4,370.144386
Epoch22                             0.000000                        4,370.144386
Epoch23                             0.000000                        4,370.144386
Epoch24                             0.000000                        4,370.144386
Epoch25                             0.000000                        4,370.144386
Epoch26                             0.000000                        4,370.144386
Epoch27                             0.000000                        4,370.144386
Epoch28                             0.000000                        4,370.144386
Epoch29                             0.000000                        4,370.144386
Epoch30                             0.000000                        4,370.144386
Epoch31                             0.000000                        4,370.144386
