Epoch#                               Rewards                   Total(Cumulative)
Epoch0                          4,410.734487                        4,410.734487
Epoch1                             11.764533                        4,422.499020
Epoch2                              0.000000                        4,422.499020
Epoch3                              4.153243                        4,426.652263
Epoch4                             14.564002                        4,441.216265
Epoch5                             13.262789                        4,454.479053
Epoch6                              8.387210                        4,462.866263
Epoch7                              6.145789                        4,469.012053
Epoch8                              7.393091                        4,476.405143
Epoch9                              5.578829                        4,481.983972
Epoch10                             4.415218                        4,486.399191
Epoch11                             3.144505                        4,489.543696
Epoch12                             0.000000                        4,489.543696
Epoch13                             0.000000                        4,489.543696
Epoch14                             0.000000                        4,489.543696
Epoch15                             0.000000                        4,489.543696
Epoch16                             0.000000                        4,489.543696
Epoch17                             0.000000                        4,489.543696
Epoch18                             0.000000                        4,489.543696
Epoch19                             0.000000                        4,489.543696
Epoch20                             0.000000                        4,489.543696
Epoch21                             0.000000                        4,489.543696
Epoch22                             0.000000                        4,489.543696
Epoch23                             0.000000                        4,489.543696
Epoch24                             0.000000                        4,489.543696
Epoch25                             0.000000                        4,489.543696
Epoch26                             0.000000                        4,489.543696
Epoch27                             0.000000                        4,489.543696
