Epoch#                               Rewards                   Total(Cumulative)
Epoch0                          1,163.607562                        1,163.607562
Epoch1                              0.000000                        1,163.607562
Epoch2                              0.000000                        1,163.607562
Epoch3                              0.000000                        1,163.607562
Epoch4                              0.000000                        1,163.607562
Epoch5                              0.000000                        1,163.607562
Epoch6                              0.000000                        1,163.607562
Epoch7                              0.000000                        1,163.607562
Epoch8                              0.000000                        1,163.607562
Epoch9                              0.000000                        1,163.607562
Epoch10                             0.000000                        1,163.607562
Epoch11                             4.029512                        1,167.637074
Epoch12                             0.000000                        1,167.637074
Epoch13                             0.000000                        1,167.637074
Epoch14                             0.000000                        1,167.637074
Epoch15                             0.000000                        1,167.637074
Epoch16                             0.000000                        1,167.637074
Epoch17                             0.000000                        1,167.637074
Epoch18                             0.000000                        1,167.637074
Epoch19                             0.000000                        1,167.637074
Epoch20                             0.000000                        1,167.637074
Epoch21                             0.000000                        1,167.637074
Epoch22                             0.000000                        1,167.637074
Epoch23                             0.000000                        1,167.637074
Epoch24                             0.000000                        1,167.637074
Epoch25                             0.000000                        1,167.637074
Epoch26                             0.000000                        1,167.637074
Epoch27                             0.000000                        1,167.637074
Epoch28                             0.000000                        1,167.637074
Epoch29                             0.000000                        1,167.637074
Epoch30                             0.000000                        1,167.637074
Epoch31                             0.000000                        1,167.637074
