Epoch#                               Rewards                   Total(Cumulative)
Epoch0                          1,164.044665                        1,164.044665
Epoch1                              0.000000                        1,164.044665
Epoch2                              0.000000                        1,164.044665
Epoch3                              0.000000                        1,164.044665
Epoch4                              0.000000                        1,164.044665
Epoch5                              0.000000                        1,164.044665
Epoch6                              0.000000                        1,164.044665
Epoch7                              0.000000                        1,164.044665
Epoch8                              0.000000                        1,164.044665
Epoch9                              0.000000                        1,164.044665
Epoch10                             0.000000                        1,164.044665
Epoch11                             0.000000                        1,164.044665
Epoch12                             0.000000                        1,164.044665
Epoch13                             0.000000                        1,164.044665
Epoch14                             0.000000                        1,164.044665
Epoch15                             0.000000                        1,164.044665
Epoch16                             0.000000                        1,164.044665
Epoch17                             0.000000                        1,164.044665
