Epoch#                               Rewards                   Total(Cumulative)
Epoch0                          1,163.526188                        1,163.526188
Epoch1                              0.000000                        1,163.526188
Epoch2                              0.000000                        1,163.526188
Epoch3                              0.000000                        1,163.526188
Epoch4                              0.000000                        1,163.526188
Epoch5                              0.000000                        1,163.526188
Epoch6                              0.000000                        1,163.526188
Epoch7                              0.000000                        1,163.526188
Epoch8                              0.000000                        1,163.526188
Epoch9                              0.000000                        1,163.526188
Epoch10                             0.009658                        1,163.535846
Epoch11                             0.000000                        1,163.535846
Epoch12                             0.007137                        1,163.542983
Epoch13                             0.000000                        1,163.542983
Epoch14                             0.000000                        1,163.542983
Epoch15                             0.000000                        1,163.542983
Epoch16                             0.000000                        1,163.542983
Epoch17                             0.000000                        1,163.542983
