Epoch#                               Rewards                   Total(Cumulative)
Epoch0                          1,163.905897                        1,163.905897
Epoch1                              0.000000                        1,163.905897
Epoch2                              0.000000                        1,163.905897
Epoch3                              0.000000                        1,163.905897
Epoch4                              0.000000                        1,163.905897
Epoch5                              0.000000                        1,163.905897
Epoch6                              0.000000                        1,163.905897
Epoch7                              0.000000                        1,163.905897
Epoch8                              0.000000                        1,163.905897
Epoch9                              0.000000                        1,163.905897
Epoch10                             0.000000                        1,163.905897
Epoch11                             0.000000                        1,163.905897
Epoch12                             0.000000                        1,163.905897
Epoch13                             0.000000                        1,163.905897
Epoch14                             0.000000                        1,163.905897
Epoch15                             0.000000                        1,163.905897
Epoch16                             0.000000                        1,163.905897
Epoch17                             0.000000                        1,163.905897
Epoch18                             0.000000                        1,163.905897
Epoch19                             0.000000                        1,163.905897
Epoch20                             0.000000                        1,163.905897
Epoch21                             0.000000                        1,163.905897
Epoch22                             0.000000                        1,163.905897
Epoch23                             0.000000                        1,163.905897
Epoch24                             0.000000                        1,163.905897
Epoch25                             1.003643                        1,164.909540
Epoch26                             0.000000                        1,164.909540
Epoch27                             0.000000                        1,164.909540
Epoch28                             0.000000                        1,164.909540
Epoch29                             0.000000                        1,164.909540
Epoch30                             0.000000                        1,164.909540
Epoch31                             0.000000                        1,164.909540
