Epoch#                               Rewards                   Total(Cumulative)
Epoch0                          1,278.614416                        1,278.614416
Epoch1                              0.064253                        1,278.678669
Epoch2                              0.118736                        1,278.797405
Epoch3                              0.000000                        1,278.797405
Epoch4                              0.000000                        1,278.797405
Epoch5                              0.000000                        1,278.797405
Epoch6                              0.000000                        1,278.797405
Epoch7                              0.000000                        1,278.797405
Epoch8                              0.000000                        1,278.797405
Epoch9                              0.000000                        1,278.797405
Epoch10                             0.000000                        1,278.797405
Epoch11                             0.000000                        1,278.797405
Epoch12                             0.000000                        1,278.797405
Epoch13                             0.000000                        1,278.797405
Epoch14                             0.000000                        1,278.797405
Epoch15                             0.000000                        1,278.797405
Epoch16                             0.000000                        1,278.797405
