Epoch#                               Rewards                   Total(Cumulative)
Epoch0                          4,349.630000                        4,349.630000
Epoch1                              0.000000                        4,349.630000
Epoch2                              0.000000                        4,349.630000
Epoch3                              0.000000                        4,349.630000
Epoch4                              0.000000                        4,349.630000
Epoch5                              2.434547                        4,352.064547
Epoch6                              0.000000                        4,352.064547
Epoch7                              0.000000                        4,352.064547
Epoch8                              0.000000                        4,352.064547
Epoch9                              0.000000                        4,352.064547
Epoch10                             0.000000                        4,352.064547
Epoch11                             0.000000                        4,352.064547
Epoch12                             0.000000                        4,352.064547
Epoch13                             0.000000                        4,352.064547
Epoch14                             0.000000                        4,352.064547
Epoch15                             0.000000                        4,352.064547
Epoch16                             0.000000                        4,352.064547
Epoch17                             0.000000                        4,352.064547
Epoch18                             0.000000                        4,352.064547
Epoch19                             0.000000                        4,352.064547
Epoch20                             0.000000                        4,352.064547
Epoch21                             0.000000                        4,352.064547
Epoch22                             0.000000                        4,352.064547
Epoch23                             0.000000                        4,352.064547
Epoch24                             0.000000                        4,352.064547
Epoch25                             0.000000                        4,352.064547
Epoch26                             0.000000                        4,352.064547
Epoch27                             0.000000                        4,352.064547
Epoch28                             0.000000                        4,352.064547
Epoch29                             0.000000                        4,352.064547
Epoch30                             0.000000                        4,352.064547
