Epoch#                               Rewards                   Total(Cumulative)
Epoch0                          6,438.526974                        6,438.526974
Epoch1                              0.977692                        6,439.504666
Epoch2                              0.000000                        6,439.504666
Epoch3                              0.725717                        6,440.230383
Epoch4                              0.000000                        6,440.230383
Epoch5                              0.000000                        6,440.230383
Epoch6                              0.000000                        6,440.230383
Epoch7                              0.000000                        6,440.230383
Epoch8                              0.000000                        6,440.230383
Epoch9                              0.000000                        6,440.230383
Epoch10                             0.000000                        6,440.230383
Epoch11                             0.000000                        6,440.230383
Epoch12                             0.000000                        6,440.230383
Epoch13                             0.000000                        6,440.230383
Epoch14                             0.000000                        6,440.230383
Epoch15                             0.000000                        6,440.230383
Epoch16                             0.000000                        6,440.230383
