Epoch#                               Rewards                   Total(Cumulative)
Epoch0                          1,165.423854                        1,165.423854
Epoch1                              0.138400                        1,165.562254
Epoch2                              0.109814                        1,165.672068
Epoch3                              0.000000                        1,165.672068
Epoch4                              0.000000                        1,165.672068
Epoch5                              0.000000                        1,165.672068
Epoch6                              0.000000                        1,165.672068
Epoch7                              0.000000                        1,165.672068
Epoch8                              0.000000                        1,165.672068
Epoch9                              0.000000                        1,165.672068
Epoch10                             0.000000                        1,165.672068
Epoch11                             0.000000                        1,165.672068
Epoch12                             0.000000                        1,165.672068
Epoch13                             0.000000                        1,165.672068
Epoch14                             0.000000                        1,165.672068
Epoch15                             0.000000                        1,165.672068
