Epoch#                               Rewards                   Total(Cumulative)
Epoch0                          1,164.711483                        1,164.711483
Epoch1                              0.000000                        1,164.711483
Epoch2                              0.000000                        1,164.711483
Epoch3                              0.000000                        1,164.711483
Epoch4                              0.000000                        1,164.711483
Epoch5                              0.000000                        1,164.711483
Epoch6                              0.000000                        1,164.711483
Epoch7                              0.000000                        1,164.711483
Epoch8                              0.000000                        1,164.711483
Epoch9                              0.000000                        1,164.711483
Epoch10                             0.000000                        1,164.711483
Epoch11                             0.000000                        1,164.711483
Epoch12                             0.000000                        1,164.711483
Epoch13                             0.000000                        1,164.711483
Epoch14                             0.000000                        1,164.711483
Epoch15                             0.000000                        1,164.711483
Epoch16                             0.000000                        1,164.711483
Epoch17                             0.000000                        1,164.711483
Epoch18                             0.000000                        1,164.711483
Epoch19                             0.000000                        1,164.711483
Epoch20                             0.000000                        1,164.711483
Epoch21                             0.000000                        1,164.711483
Epoch22                             0.000000                        1,164.711483
Epoch23                             0.000000                        1,164.711483
Epoch24                             0.000000                        1,164.711483
Epoch25                             0.000000                        1,164.711483
Epoch26                             0.000000                        1,164.711483
Epoch27                             0.000000                        1,164.711483
Epoch28                             0.000000                        1,164.711483
