Epoch#                               Rewards                   Total(Cumulative)
Epoch0                          1,165.127948                        1,165.127948
Epoch1                              0.117037                        1,165.244986
Epoch2                              0.000000                        1,165.244986
Epoch3                              0.000000                        1,165.244986
Epoch4                              0.000000                        1,165.244986
Epoch5                              0.000000                        1,165.244986
Epoch6                              0.000000                        1,165.244986
Epoch7                              0.000000                        1,165.244986
Epoch8                              0.009516                        1,165.254502
Epoch9                              0.000000                        1,165.254502
Epoch10                             0.000000                        1,165.254502
Epoch11                             0.000000                        1,165.254502
Epoch12                             0.000000                        1,165.254502
Epoch13                             0.000000                        1,165.254502
Epoch14                             0.000000                        1,165.254502
Epoch15                             0.000000                        1,165.254502
Epoch16                             0.000000                        1,165.254502
Epoch17                             0.000000                        1,165.254502
Epoch18                             0.000000                        1,165.254502
Epoch19                             0.000000                        1,165.254502
Epoch20                             0.000000                        1,165.254502
Epoch21                             0.000000                        1,165.254502
Epoch22                             0.000000                        1,165.254502
Epoch23                             0.000000                        1,165.254502
Epoch24                             0.000000                        1,165.254502
Epoch25                             0.000000                        1,165.254502
Epoch26                             0.000000                        1,165.254502
Epoch27                             0.000000                        1,165.254502
Epoch28                             0.000000                        1,165.254502
Epoch29                             0.000000                        1,165.254502
Epoch30                             0.000000                        1,165.254502
Epoch31                             0.000000                        1,165.254502
