Epoch#                               Rewards                   Total(Cumulative)
Epoch0                          1,163.934890                        1,163.934890
Epoch1                              0.000000                        1,163.934890
Epoch2                              0.000000                        1,163.934890
Epoch3                              0.000000                        1,163.934890
Epoch4                              0.000000                        1,163.934890
Epoch5                              0.000000                        1,163.934890
Epoch6                              0.000000                        1,163.934890
Epoch7                              0.000000                        1,163.934890
Epoch8                              0.000000                        1,163.934890
Epoch9                              0.000000                        1,163.934890
Epoch10                             0.000000                        1,163.934890
Epoch11                             0.000000                        1,163.934890
Epoch12                             0.000000                        1,163.934890
Epoch13                             0.000000                        1,163.934890
Epoch14                             0.000000                        1,163.934890
Epoch15                             0.000000                        1,163.934890
