Epoch#                               Rewards                   Total(Cumulative)
Epoch0                          1,164.104650                        1,164.104650
Epoch1                              0.000000                        1,164.104650
Epoch2                              0.000000                        1,164.104650
Epoch3                              0.000000                        1,164.104650
Epoch4                              0.000000                        1,164.104650
Epoch5                              0.000000                        1,164.104650
Epoch6                              0.000000                        1,164.104650
Epoch7                              0.000000                        1,164.104650
Epoch8                              0.000000                        1,164.104650
Epoch9                              0.000000                        1,164.104650
Epoch10                             0.000000                        1,164.104650
Epoch11                             0.000000                        1,164.104650
Epoch12                             0.000000                        1,164.104650
Epoch13                             0.000000                        1,164.104650
Epoch14                             0.000000                        1,164.104650
Epoch15                             0.000000                        1,164.104650
Epoch16                             0.000000                        1,164.104650
