Epoch#                               Rewards                   Total(Cumulative)
Epoch0                          1,188.336546                        1,188.336546
Epoch1                              0.000000                        1,188.336546
Epoch2                              0.000000                        1,188.336546
Epoch3                              0.000000                        1,188.336546
Epoch4                              0.000000                        1,188.336546
Epoch5                              0.000000                        1,188.336546
Epoch6                              0.000000                        1,188.336546
Epoch7                              0.000000                        1,188.336546
Epoch8                              0.000000                        1,188.336546
Epoch9                              0.000000                        1,188.336546
Epoch10                             0.000000                        1,188.336546
Epoch11                             0.000000                        1,188.336546
Epoch12                             0.000000                        1,188.336546
Epoch13                             0.000000                        1,188.336546
Epoch14                             0.000000                        1,188.336546
