Epoch#                               Rewards                   Total(Cumulative)
Epoch0                          4,349.630000                        4,349.630000
Epoch1                              0.000000                        4,349.630000
Epoch2                             34.037730                        4,383.667730
Epoch3                             34.307942                        4,417.975671
Epoch4                             21.561492                        4,439.537163
Epoch5                              0.000000                        4,439.537163
Epoch6                             13.463765                        4,453.000928
Epoch7                             25.390799                        4,478.391727
Epoch8                             54.289614                        4,532.681340
Epoch9                             23.112690                        4,555.794031
Epoch10                            19.182320                        4,574.976351
Epoch11                             0.000000                        4,574.976351
Epoch12                             0.000000                        4,574.976351
Epoch13                             0.000000                        4,574.976351
Epoch14                             0.000000                        4,574.976351
Epoch15                             0.000000                        4,574.976351
Epoch16                             0.000000                        4,574.976351
Epoch17                             0.000000                        4,574.976351
Epoch18                             0.000000                        4,574.976351
Epoch19                             0.000000                        4,574.976351
Epoch20                             0.000000                        4,574.976351
Epoch21                             0.000000                        4,574.976351
Epoch22                             0.000000                        4,574.976351
Epoch23                             0.000000                        4,574.976351
Epoch24                             0.000000                        4,574.976351
Epoch25                             0.000000                        4,574.976351
Epoch26                             0.000000                        4,574.976351
Epoch27                             0.000000                        4,574.976351
Epoch28                             0.000000                        4,574.976351
Epoch29                             0.000000                        4,574.976351
Epoch30                             0.000000                        4,574.976351
Epoch31                             0.000000                        4,574.976351
