Epoch#                               Rewards                   Total(Cumulative)
Epoch0                          4,363.608816                        4,363.608816
Epoch1                             11.703107                        4,375.311923
Epoch2                             70.300116                        4,445.612039
Epoch3                             12.655394                        4,458.267433
Epoch4                              1.849245                        4,460.116678
Epoch5                             28.473477                        4,488.590155
Epoch6                              0.705097                        4,489.295252
Epoch7                             76.550634                        4,565.845886
Epoch8                             27.383883                        4,593.229768
Epoch9                              4.405266                        4,597.635034
Epoch10                           103.555736                        4,701.190771
Epoch11                            45.925592                        4,747.116362
Epoch12                             0.000000                        4,747.116362
Epoch13                             0.000000                        4,747.116362
Epoch14                             0.000000                        4,747.116362
Epoch15                             0.000000                        4,747.116362
Epoch16                            23.192950                        4,770.309313
Epoch17                             0.000000                        4,770.309313
Epoch18                             0.000000                        4,770.309313
Epoch19                            66.299323                        4,836.608636
Epoch20                             0.924901                        4,837.533537
Epoch21                            10.327042                        4,847.860579
Epoch22                             0.500367                        4,848.360946
Epoch23                             0.000000                        4,848.360946
Epoch24                           116.377850                        4,964.738796
Epoch25                             7.021707                        4,971.760503
Epoch26                             0.000000                        4,971.760503
Epoch27                             0.000000                        4,971.760503
