Epoch#                               Rewards                   Total(Cumulative)
Epoch0                          1,163.792329                        1,163.792329
Epoch1                              0.000000                        1,163.792329
Epoch2                              0.000000                        1,163.792329
Epoch3                              0.000000                        1,163.792329
Epoch4                              0.000000                        1,163.792329
Epoch5                              0.000000                        1,163.792329
Epoch6                              0.000000                        1,163.792329
Epoch7                              0.000000                        1,163.792329
Epoch8                              0.000000                        1,163.792329
Epoch9                              0.000000                        1,163.792329
Epoch10                             0.000000                        1,163.792329
Epoch11                             0.000000                        1,163.792329
Epoch12                             0.000000                        1,163.792329
Epoch13                             0.000000                        1,163.792329
Epoch14                             0.000000                        1,163.792329
Epoch15                             0.000000                        1,163.792329
Epoch16                             0.000000                        1,163.792329
Epoch17                             0.000000                        1,163.792329
