Epoch#                               Rewards                   Total(Cumulative)
Epoch0                          1,165.009854                        1,165.009854
Epoch1                              0.000000                        1,165.009854
Epoch2                              0.000000                        1,165.009854
Epoch3                              0.000000                        1,165.009854
Epoch4                              0.000000                        1,165.009854
Epoch5                              0.000000                        1,165.009854
Epoch6                              0.000000                        1,165.009854
Epoch7                              0.000000                        1,165.009854
Epoch8                              0.000000                        1,165.009854
Epoch9                              0.000000                        1,165.009854
Epoch10                             0.000000                        1,165.009854
Epoch11                             0.000000                        1,165.009854
Epoch12                             0.000000                        1,165.009854
Epoch13                             0.000000                        1,165.009854
Epoch14                             0.000000                        1,165.009854
Epoch15                             0.000000                        1,165.009854
