Epoch#                               Rewards                   Total(Cumulative)
Epoch0                          1,163.556109                        1,163.556109
Epoch1                              0.000000                        1,163.556109
Epoch2                              0.000000                        1,163.556109
Epoch3                              0.000000                        1,163.556109
Epoch4                              0.000000                        1,163.556109
Epoch5                              0.000000                        1,163.556109
Epoch6                              0.000000                        1,163.556109
Epoch7                              0.000000                        1,163.556109
Epoch8                              0.000000                        1,163.556109
Epoch9                              0.000000                        1,163.556109
Epoch10                             0.000000                        1,163.556109
Epoch11                             0.000000                        1,163.556109
Epoch12                             0.000000                        1,163.556109
Epoch13                             0.000000                        1,163.556109
Epoch14                             0.000000                        1,163.556109
