Epoch#                               Rewards                   Total(Cumulative)
Epoch0                          4,363.060171                        4,363.060171
Epoch1                             56.247642                        4,419.307813
Epoch2                             79.875674                        4,499.183486
Epoch3                            227.423828                        4,726.607314
Epoch4                              0.000000                        4,726.607314
Epoch5                              0.000000                        4,726.607314
Epoch6                              0.000000                        4,726.607314
Epoch7                              0.000000                        4,726.607314
Epoch8                              0.000000                        4,726.607314
Epoch9                              0.000000                        4,726.607314
Epoch10                             0.000000                        4,726.607314
Epoch11                             0.000000                        4,726.607314
Epoch12                             0.000000                        4,726.607314
Epoch13                             0.000000                        4,726.607314
Epoch14                             0.000000                        4,726.607314
Epoch15                             0.000000                        4,726.607314
