Epoch#                               Rewards                   Total(Cumulative)
Epoch0                         11,357.912949                       11,357.912949
Epoch1                            273.364491                       11,631.277439
Epoch2                            184.794262                       11,816.071701
Epoch3                            292.862417                       12,108.934119
Epoch4                            196.534090                       12,305.468208
Epoch5                            107.779422                       12,413.247630
Epoch6                            518.355811                       12,931.603442
Epoch7                             86.305539                       13,017.908981
Epoch8                              0.000000                       13,017.908981
Epoch9                              0.000000                       13,017.908981
Epoch10                           201.642607                       13,219.551588
Epoch11                             0.000000                       13,219.551588
Epoch12                             0.000000                       13,219.551588
Epoch13                             0.000000                       13,219.551588
Epoch14                           362.434379                       13,581.985967
Epoch15                             0.553809                       13,582.539777
Epoch16                           105.339593                       13,687.879369
Epoch17                             0.000000                       13,687.879369
Epoch18                           175.674048                       13,863.553418
Epoch19                           642.401030                       14,505.954448
Epoch20                           713.857853                       15,219.812301
Epoch21                           235.374869                       15,455.187170
Epoch22                            58.250495                       15,513.437665
Epoch23                             0.000000                       15,513.437665
Epoch24                             0.000000                       15,513.437665
Epoch25                            26.962688                       15,540.400353
Epoch26                           222.141945                       15,762.542298
Epoch27                             0.000000                       15,762.542298
Epoch28                           141.968248                       15,904.510546
Epoch29                            82.081486                       15,986.592032
Epoch30                            54.067365                       16,040.659398
