Epoch#                               Rewards                   Total(Cumulative)
Epoch0                          4,388.760781                        4,388.760781
Epoch1                            107.464326                        4,496.225106
Epoch2                              0.000000                        4,496.225106
Epoch3                              0.000000                        4,496.225106
Epoch4                              0.000000                        4,496.225106
Epoch5                              0.000000                        4,496.225106
Epoch6                              0.000000                        4,496.225106
Epoch7                              0.000000                        4,496.225106
Epoch8                              0.000000                        4,496.225106
Epoch9                              0.000000                        4,496.225106
Epoch10                             0.000000                        4,496.225106
Epoch11                             0.000000                        4,496.225106
Epoch12                             0.000000                        4,496.225106
Epoch13                             0.000000                        4,496.225106
Epoch14                             0.000000                        4,496.225106
Epoch15                             0.000000                        4,496.225106
Epoch16                             0.000000                        4,496.225106
Epoch17                             0.000000                        4,496.225106
Epoch18                             0.000000                        4,496.225106
Epoch19                             0.000000                        4,496.225106
Epoch20                             0.000000                        4,496.225106
Epoch21                             0.000000                        4,496.225106
Epoch22                             0.000000                        4,496.225106
Epoch23                             0.000000                        4,496.225106
Epoch24                             0.000000                        4,496.225106
Epoch25                             0.000000                        4,496.225106
Epoch26                             0.000000                        4,496.225106
Epoch27                             0.000000                        4,496.225106
Epoch28                             0.000000                        4,496.225106
Epoch29                             0.000000                        4,496.225106
