Epoch#                               Rewards                   Total(Cumulative)
Epoch0                          4,354.050127                        4,354.050127
Epoch1                              0.000000                        4,354.050127
Epoch2                              0.000000                        4,354.050127
Epoch3                              0.000000                        4,354.050127
Epoch4                              0.000000                        4,354.050127
Epoch5                              0.000000                        4,354.050127
Epoch6                              0.000000                        4,354.050127
Epoch7                              0.000000                        4,354.050127
Epoch8                              0.000000                        4,354.050127
Epoch9                              0.000000                        4,354.050127
Epoch10                             0.000000                        4,354.050127
Epoch11                             0.000000                        4,354.050127
Epoch12                             0.000000                        4,354.050127
Epoch13                             0.000000                        4,354.050127
Epoch14                             0.000000                        4,354.050127
Epoch15                             0.000000                        4,354.050127
Epoch16                             0.000000                        4,354.050127
