Epoch#                               Rewards                   Total(Cumulative)
Epoch0                          1,165.811104                        1,165.811104
Epoch1                              0.000000                        1,165.811104
Epoch2                              0.000000                        1,165.811104
Epoch3                              0.000000                        1,165.811104
Epoch4                              0.000000                        1,165.811104
Epoch5                              0.000000                        1,165.811104
Epoch6                              0.000000                        1,165.811104
Epoch7                              0.000000                        1,165.811104
Epoch8                              0.000000                        1,165.811104
Epoch9                              0.000000                        1,165.811104
Epoch10                             0.000000                        1,165.811104
Epoch11                             0.000000                        1,165.811104
Epoch12                             0.000000                        1,165.811104
Epoch13                             0.000000                        1,165.811104
Epoch14                             0.000000                        1,165.811104
Epoch15                             0.000000                        1,165.811104
Epoch16                             0.000000                        1,165.811104
Epoch17                             0.000000                        1,165.811104
