Epoch#                               Rewards                   Total(Cumulative)
Epoch0                          4,384.862800                        4,384.862800
Epoch1                              0.000000                        4,384.862800
Epoch2                              0.000000                        4,384.862800
Epoch3                              0.000000                        4,384.862800
Epoch4                              0.000000                        4,384.862800
Epoch5                              0.000000                        4,384.862800
Epoch6                              0.000000                        4,384.862800
Epoch7                              0.000000                        4,384.862800
Epoch8                              0.000000                        4,384.862800
Epoch9                              0.000000                        4,384.862800
Epoch10                             0.000000                        4,384.862800
Epoch11                             0.000000                        4,384.862800
Epoch12                             0.000000                        4,384.862800
Epoch13                             0.000000                        4,384.862800
Epoch14                             0.000000                        4,384.862800
