Epoch#                               Rewards                   Total(Cumulative)
Epoch0                          1,167.181945                        1,167.181945
Epoch1                              0.259490                        1,167.441435
Epoch2                              0.000000                        1,167.441435
Epoch3                              0.138924                        1,167.580359
Epoch4                              0.176736                        1,167.757095
Epoch5                              0.358148                        1,168.115243
Epoch6                              1.835871                        1,169.951114
Epoch7                              1.245775                        1,171.196889
Epoch8                              1.262284                        1,172.459173
Epoch9                              0.000000                        1,172.459173
Epoch10                             1.567449                        1,174.026622
Epoch11                             0.543205                        1,174.569827
Epoch12                             0.481151                        1,175.050978
Epoch13                             0.000000                        1,175.050978
Epoch14                             0.000000                        1,175.050978
Epoch15                             0.000000                        1,175.050978
Epoch16                             0.000000                        1,175.050978
Epoch17                             0.000000                        1,175.050978
Epoch18                             0.000000                        1,175.050978
Epoch19                             0.000000                        1,175.050978
Epoch20                             0.000000                        1,175.050978
Epoch21                             0.000000                        1,175.050978
Epoch22                             0.000000                        1,175.050978
Epoch23                             0.000000                        1,175.050978
Epoch24                             0.000000                        1,175.050978
Epoch25                             0.060679                        1,175.111658
Epoch26                             0.013883                        1,175.125541
Epoch27                             0.029187                        1,175.154728
Epoch28                             0.027792                        1,175.182520
Epoch29                             0.000000                        1,175.182520
