Epoch#                               Rewards                   Total(Cumulative)
Epoch0                          1,168.607814                        1,168.607814
Epoch1                              0.000000                        1,168.607814
Epoch2                              0.000000                        1,168.607814
Epoch3                              1.591370                        1,170.199184
Epoch4                              0.000000                        1,170.199184
Epoch5                              0.000000                        1,170.199184
Epoch6                              0.000000                        1,170.199184
Epoch7                              0.000000                        1,170.199184
Epoch8                              0.000000                        1,170.199184
Epoch9                              0.000000                        1,170.199184
Epoch10                             0.000000                        1,170.199184
Epoch11                             0.000000                        1,170.199184
Epoch12                             0.000000                        1,170.199184
Epoch13                             0.000000                        1,170.199184
Epoch14                             0.000000                        1,170.199184
