Epoch#                               Rewards                   Total(Cumulative)
Epoch0                          6,611.076718                        6,611.076718
Epoch1                              7.723096                        6,618.799814
Epoch2                              0.000000                        6,618.799814
Epoch3                              0.000000                        6,618.799814
Epoch4                              0.000000                        6,618.799814
Epoch5                              0.000000                        6,618.799814
Epoch6                              0.000000                        6,618.799814
Epoch7                              0.000000                        6,618.799814
Epoch8                              9.891117                        6,628.690930
Epoch9                              0.000000                        6,628.690930
Epoch10                             0.000000                        6,628.690930
Epoch11                             0.000000                        6,628.690930
Epoch12                             0.000000                        6,628.690930
Epoch13                             0.000000                        6,628.690930
Epoch14                             0.000000                        6,628.690930
Epoch15                             0.000000                        6,628.690930
Epoch16                             0.000000                        6,628.690930
Epoch17                             0.000000                        6,628.690930
Epoch18                             0.000000                        6,628.690930
Epoch19                             0.000000                        6,628.690930
Epoch20                             0.000000                        6,628.690930
Epoch21                             0.000000                        6,628.690930
Epoch22                             0.000000                        6,628.690930
Epoch23                             0.000000                        6,628.690930
Epoch24                             0.000000                        6,628.690930
Epoch25                             0.000000                        6,628.690930
Epoch26                             0.000000                        6,628.690930
Epoch27                             0.000000                        6,628.690930
Epoch28                             0.000000                        6,628.690930
Epoch29                             0.000000                        6,628.690930
