Epoch#                               Rewards                   Total(Cumulative)
Epoch0                          1,163.510000                        1,163.510000
Epoch1                              0.030077                        1,163.540077
Epoch2                              1.411000                        1,164.951077
Epoch3                              0.000000                        1,164.951077
Epoch4                              0.000000                        1,164.951077
Epoch5                              0.000000                        1,164.951077
Epoch6                              0.000000                        1,164.951077
Epoch7                              0.000000                        1,164.951077
Epoch8                              0.000000                        1,164.951077
Epoch9                              0.000000                        1,164.951077
Epoch10                             0.000000                        1,164.951077
Epoch11                             0.000000                        1,164.951077
Epoch12                             0.000000                        1,164.951077
Epoch13                             0.000000                        1,164.951077
Epoch14                             0.000000                        1,164.951077
