Epoch#                               Rewards                   Total(Cumulative)
Epoch0                          1,163.694034                        1,163.694034
Epoch1                              0.087156                        1,163.781190
Epoch2                              0.015253                        1,163.796443
Epoch3                              0.000000                        1,163.796443
Epoch4                              0.029864                        1,163.826307
Epoch5                              0.000000                        1,163.826307
Epoch6                              0.000000                        1,163.826307
Epoch7                              0.000000                        1,163.826307
Epoch8                              0.000000                        1,163.826307
Epoch9                              0.000000                        1,163.826307
Epoch10                             0.000000                        1,163.826307
Epoch11                             0.000000                        1,163.826307
Epoch12                             0.000000                        1,163.826307
Epoch13                             0.000000                        1,163.826307
Epoch14                             0.000000                        1,163.826307
Epoch15                             0.000000                        1,163.826307
Epoch16                             0.000000                        1,163.826307
Epoch17                             0.000000                        1,163.826307
