Epoch#                               Rewards                   Total(Cumulative)
Epoch0                          1,163.783595                        1,163.783595
Epoch1                              0.000000                        1,163.783595
Epoch2                              0.000000                        1,163.783595
Epoch3                              0.000000                        1,163.783595
Epoch4                              0.000000                        1,163.783595
Epoch5                              0.000000                        1,163.783595
Epoch6                              0.000000                        1,163.783595
Epoch7                              0.000000                        1,163.783595
Epoch8                              0.000000                        1,163.783595
Epoch9                              0.000000                        1,163.783595
Epoch10                             0.000000                        1,163.783595
Epoch11                             0.000000                        1,163.783595
Epoch12                             0.000000                        1,163.783595
Epoch13                             0.000000                        1,163.783595
Epoch14                             0.000000                        1,163.783595
Epoch15                             0.000000                        1,163.783595
Epoch16                             0.000000                        1,163.783595
Epoch17                             0.000000                        1,163.783595
Epoch18                             0.000000                        1,163.783595
Epoch19                             0.000000                        1,163.783595
Epoch20                             0.000000                        1,163.783595
Epoch21                             0.000000                        1,163.783595
Epoch22                             0.000000                        1,163.783595
Epoch23                             0.000000                        1,163.783595
Epoch24                             0.000000                        1,163.783595
Epoch25                             0.000000                        1,163.783595
Epoch26                             0.000000                        1,163.783595
Epoch27                             0.000000                        1,163.783595
Epoch28                             0.000000                        1,163.783595
Epoch29                             0.000000                        1,163.783595
Epoch30                             0.000000                        1,163.783595
