Epoch#                               Rewards                   Total(Cumulative)
Epoch0                          1,165.164885                        1,165.164885
Epoch1                              0.493930                        1,165.658815
Epoch2                              0.051397                        1,165.710213
Epoch3                              0.000000                        1,165.710213
Epoch4                              0.000000                        1,165.710213
Epoch5                              0.000000                        1,165.710213
Epoch6                              0.000000                        1,165.710213
Epoch7                              0.000000                        1,165.710213
Epoch8                              0.000000                        1,165.710213
Epoch9                              0.000000                        1,165.710213
Epoch10                             0.000000                        1,165.710213
Epoch11                             0.000000                        1,165.710213
Epoch12                             0.000000                        1,165.710213
Epoch13                             0.000000                        1,165.710213
Epoch14                             0.000000                        1,165.710213
Epoch15                             0.000000                        1,165.710213
Epoch16                             0.000000                        1,165.710213
Epoch17                             0.000000                        1,165.710213
Epoch18                             0.000000                        1,165.710213
Epoch19                             0.000000                        1,165.710213
Epoch20                             0.000000                        1,165.710213
Epoch21                             0.000000                        1,165.710213
Epoch22                             0.000000                        1,165.710213
Epoch23                             0.000000                        1,165.710213
Epoch24                             0.000000                        1,165.710213
Epoch25                             0.000000                        1,165.710213
Epoch26                             0.000000                        1,165.710213
Epoch27                             0.000000                        1,165.710213
Epoch28                             0.000000                        1,165.710213
Epoch29                             0.000000                        1,165.710213
