Epoch#                               Rewards                   Total(Cumulative)
Epoch0                          1,163.834931                        1,163.834931
Epoch1                              0.000000                        1,163.834931
Epoch2                              0.000000                        1,163.834931
Epoch3                              0.000000                        1,163.834931
Epoch4                              0.000000                        1,163.834931
Epoch5                              0.000000                        1,163.834931
Epoch6                              0.000000                        1,163.834931
Epoch7                              0.000000                        1,163.834931
Epoch8                              0.000000                        1,163.834931
Epoch9                              0.000000                        1,163.834931
Epoch10                             0.000000                        1,163.834931
Epoch11                             0.000000                        1,163.834931
Epoch12                             0.000000                        1,163.834931
Epoch13                             0.000000                        1,163.834931
Epoch14                             0.000000                        1,163.834931
Epoch15                             0.000000                        1,163.834931
