Epoch#                               Rewards                   Total(Cumulative)
Epoch0                          4,362.115593                        4,362.115593
Epoch1                              0.000000                        4,362.115593
Epoch2                              0.566157                        4,362.681749
Epoch3                              0.000000                        4,362.681749
Epoch4                              0.000000                        4,362.681749
Epoch5                              0.000000                        4,362.681749
Epoch6                              0.000000                        4,362.681749
Epoch7                              0.000000                        4,362.681749
Epoch8                              0.000000                        4,362.681749
Epoch9                              0.000000                        4,362.681749
Epoch10                             0.000000                        4,362.681749
Epoch11                             0.000000                        4,362.681749
Epoch12                             0.000000                        4,362.681749
Epoch13                             0.000000                        4,362.681749
Epoch14                             0.000000                        4,362.681749
Epoch15                             0.000000                        4,362.681749
Epoch16                             0.000000                        4,362.681749
Epoch17                             0.000000                        4,362.681749
Epoch18                             0.000000                        4,362.681749
Epoch19                             0.000000                        4,362.681749
Epoch20                             0.000000                        4,362.681749
Epoch21                             0.000000                        4,362.681749
Epoch22                             0.000000                        4,362.681749
Epoch23                             0.000000                        4,362.681749
Epoch24                             0.000000                        4,362.681749
Epoch25                             0.000000                        4,362.681749
Epoch26                             0.000000                        4,362.681749
Epoch27                             0.000000                        4,362.681749
Epoch28                             0.000000                        4,362.681749
