Epoch#                               Rewards                   Total(Cumulative)
Epoch0                          1,164.552825                        1,164.552825
Epoch1                            168.439492                        1,332.992318
Epoch2                             18.556321                        1,351.548639
Epoch3                              0.000000                        1,351.548639
Epoch4                              0.000000                        1,351.548639
Epoch5                              0.000000                        1,351.548639
Epoch6                              0.000000                        1,351.548639
Epoch7                              0.000000                        1,351.548639
Epoch8                              0.000000                        1,351.548639
Epoch9                              0.000000                        1,351.548639
Epoch10                             0.000000                        1,351.548639
Epoch11                             0.000000                        1,351.548639
Epoch12                             0.000000                        1,351.548639
Epoch13                             0.000000                        1,351.548639
Epoch14                             0.000000                        1,351.548639
Epoch15                             0.000000                        1,351.548639
Epoch16                             0.000000                        1,351.548639
Epoch17                             0.000000                        1,351.548639
Epoch18                             0.000000                        1,351.548639
Epoch19                             0.000000                        1,351.548639
Epoch20                             0.000000                        1,351.548639
Epoch21                             0.000000                        1,351.548639
Epoch22                             0.000000                        1,351.548639
Epoch23                             0.000000                        1,351.548639
Epoch24                             0.000000                        1,351.548639
Epoch25                             0.000000                        1,351.548639
Epoch26                             0.000000                        1,351.548639
Epoch27                             0.000000                        1,351.548639
Epoch28                             0.000000                        1,351.548639
Epoch29                             0.000000                        1,351.548639
Epoch30                             0.000000                        1,351.548639
