Epoch#                               Rewards                   Total(Cumulative)
Epoch0                              0.000000                            0.000000
Epoch1                              0.000000                            0.000000
Epoch2                              0.000000                            0.000000
Epoch3                              0.000000                            0.000000
Epoch4                              0.000000                            0.000000
Epoch5                              0.000000                            0.000000
Epoch6                              0.000000                            0.000000
Epoch7                              0.000000                            0.000000
Epoch8                              0.000000                            0.000000
Epoch9                              0.000000                            0.000000
Epoch10                             3.719880                            3.719880
Epoch11                           797.100032                          800.819912
Epoch12                           249.425225                        1,050.245137
Epoch13                           116.285714                        1,166.530851
Epoch14                           391.476429                        1,558.007280
Epoch15                           139.359720                        1,697.367000
Epoch16                            74.223003                        1,771.590003
Epoch17                             2.031996                        1,773.621999
Epoch18                             0.000000                        1,773.621999
Epoch19                             0.000000                        1,773.621999
Epoch20                             0.000000                        1,773.621999
Epoch21                             0.000000                        1,773.621999
Epoch22                             0.000000                        1,773.621999
Epoch23                             0.000000                        1,773.621999
Epoch24                             0.187029                        1,773.809028
Epoch25                             0.697912                        1,774.506940
Epoch26                             0.000000                        1,774.506940
Epoch27                             0.000000                        1,774.506940
Epoch28                             0.242652                        1,774.749592
Epoch29                            31.372682                        1,806.122275
Epoch30                            15.128943                        1,821.251217
Epoch31                             2.812400                        1,824.063617
