Epoch#                               Rewards                   Total(Cumulative)
Epoch0                          1,163.696124                        1,163.696124
Epoch1                              0.000000                        1,163.696124
Epoch2                              0.000000                        1,163.696124
Epoch3                              0.000000                        1,163.696124
Epoch4                              0.000000                        1,163.696124
Epoch5                              0.000000                        1,163.696124
Epoch6                              0.000000                        1,163.696124
Epoch7                              0.000000                        1,163.696124
Epoch8                              0.000000                        1,163.696124
Epoch9                              0.000000                        1,163.696124
Epoch10                             0.000000                        1,163.696124
Epoch11                             0.000000                        1,163.696124
Epoch12                             0.000000                        1,163.696124
Epoch13                             0.000000                        1,163.696124
Epoch14                             0.000000                        1,163.696124
