Epoch#                               Rewards                   Total(Cumulative)
Epoch0                          7,056.371201                        7,056.371201
Epoch1                              0.000000                        7,056.371201
Epoch2                              0.000000                        7,056.371201
Epoch3                              0.000000                        7,056.371201
Epoch4                              0.000000                        7,056.371201
Epoch5                              0.000000                        7,056.371201
Epoch6                              0.000000                        7,056.371201
Epoch7                              0.000000                        7,056.371201
Epoch8                              0.000000                        7,056.371201
Epoch9                              0.000000                        7,056.371201
Epoch10                             0.000000                        7,056.371201
Epoch11                             0.000000                        7,056.371201
Epoch12                             0.000000                        7,056.371201
Epoch13                             0.000000                        7,056.371201
Epoch14                             0.000000                        7,056.371201
Epoch15                             0.000000                        7,056.371201
Epoch16                             0.000000                        7,056.371201
Epoch17                             0.000000                        7,056.371201
