Epoch#                               Rewards                   Total(Cumulative)
Epoch0                          3,671.729249                        3,671.729249
Epoch1                            665.026388                        4,336.755638
Epoch2                              0.000000                        4,336.755638
Epoch3                              0.000000                        4,336.755638
Epoch4                              0.000000                        4,336.755638
Epoch5                              0.000000                        4,336.755638
Epoch6                              0.000000                        4,336.755638
Epoch7                              0.000000                        4,336.755638
Epoch8                              0.000000                        4,336.755638
Epoch9                              0.000000                        4,336.755638
Epoch10                             0.000000                        4,336.755638
Epoch11                             0.000000                        4,336.755638
Epoch12                             0.000000                        4,336.755638
Epoch13                             0.000000                        4,336.755638
Epoch14                             0.000000                        4,336.755638
