Epoch#                               Rewards                   Total(Cumulative)
Epoch0                          1,163.799461                        1,163.799461
Epoch1                              0.000000                        1,163.799461
Epoch2                              0.000000                        1,163.799461
Epoch3                              0.000000                        1,163.799461
Epoch4                              0.000000                        1,163.799461
Epoch5                              0.000000                        1,163.799461
Epoch6                              0.000000                        1,163.799461
Epoch7                              0.000000                        1,163.799461
Epoch8                              0.000000                        1,163.799461
Epoch9                              0.000000                        1,163.799461
Epoch10                             0.000000                        1,163.799461
Epoch11                             0.000000                        1,163.799461
Epoch12                             0.000000                        1,163.799461
Epoch13                             0.000000                        1,163.799461
Epoch14                             0.000000                        1,163.799461
Epoch15                             0.000000                        1,163.799461
Epoch16                             0.000000                        1,163.799461
Epoch17                             0.000000                        1,163.799461
Epoch18                             0.000000                        1,163.799461
Epoch19                             0.000000                        1,163.799461
Epoch20                             0.000000                        1,163.799461
Epoch21                             0.000000                        1,163.799461
Epoch22                             0.000000                        1,163.799461
Epoch23                             0.000000                        1,163.799461
Epoch24                             0.000000                        1,163.799461
Epoch25                             0.000000                        1,163.799461
Epoch26                             0.000000                        1,163.799461
Epoch27                             0.000000                        1,163.799461
Epoch28                             0.000000                        1,163.799461
Epoch29                             0.000000                        1,163.799461
