Epoch#                               Rewards                   Total(Cumulative)
Epoch0                          1,166.317660                        1,166.317660
Epoch1                              0.172355                        1,166.490015
Epoch2                              0.000000                        1,166.490015
Epoch3                              0.049814                        1,166.539829
Epoch4                              0.157773                        1,166.697602
Epoch5                              0.131519                        1,166.829120
Epoch6                              0.000000                        1,166.829120
Epoch7                              0.000000                        1,166.829120
Epoch8                              0.000000                        1,166.829120
Epoch9                              0.000000                        1,166.829120
Epoch10                             0.000000                        1,166.829120
Epoch11                             0.000000                        1,166.829120
Epoch12                             0.000000                        1,166.829120
Epoch13                             0.000000                        1,166.829120
Epoch14                             0.000000                        1,166.829120
Epoch15                             0.000000                        1,166.829120
Epoch16                             0.000000                        1,166.829120
Epoch17                             0.000000                        1,166.829120
Epoch18                             0.000000                        1,166.829120
Epoch19                             0.000000                        1,166.829120
Epoch20                             0.000000                        1,166.829120
Epoch21                             0.000000                        1,166.829120
Epoch22                             0.000000                        1,166.829120
Epoch23                             0.000000                        1,166.829120
Epoch24                             0.000000                        1,166.829120
Epoch25                             0.000000                        1,166.829120
Epoch26                             0.000000                        1,166.829120
Epoch27                             0.000000                        1,166.829120
Epoch28                             0.000000                        1,166.829120
