Epoch#                               Rewards                   Total(Cumulative)
Epoch0                          4,363.662448                        4,363.662448
Epoch1                            717.468737                        5,081.131185
Epoch2                            447.504560                        5,528.635745
Epoch3                            540.351597                        6,068.987341
Epoch4                              0.303679                        6,069.291020
Epoch5                              0.000000                        6,069.291020
Epoch6                              0.000000                        6,069.291020
Epoch7                              0.000000                        6,069.291020
Epoch8                              0.000000                        6,069.291020
Epoch9                              0.000000                        6,069.291020
Epoch10                             0.000000                        6,069.291020
Epoch11                             0.000000                        6,069.291020
Epoch12                             0.000000                        6,069.291020
Epoch13                             0.000000                        6,069.291020
Epoch14                             0.000000                        6,069.291020
Epoch15                             0.000000                        6,069.291020
Epoch16                             0.000000                        6,069.291020
