Epoch#                               Rewards                   Total(Cumulative)
Epoch0                          1,163.826287                        1,163.826287
Epoch1                              0.000000                        1,163.826287
Epoch2                              0.002007                        1,163.828294
Epoch3                              0.000000                        1,163.828294
Epoch4                              0.000000                        1,163.828294
Epoch5                              0.000000                        1,163.828294
Epoch6                              0.000000                        1,163.828294
Epoch7                              0.000000                        1,163.828294
Epoch8                              0.000000                        1,163.828294
Epoch9                              0.000000                        1,163.828294
Epoch10                             0.000000                        1,163.828294
Epoch11                             0.000000                        1,163.828294
Epoch12                             0.000000                        1,163.828294
Epoch13                             0.000000                        1,163.828294
Epoch14                             0.000000                        1,163.828294
