Epoch#                               Rewards                   Total(Cumulative)
Epoch0                          4,359.109914                        4,359.109914
Epoch1                              0.655876                        4,359.765791
Epoch2                              0.179115                        4,359.944906
Epoch3                              0.171780                        4,360.116686
Epoch4                              0.000000                        4,360.116686
Epoch5                              0.000000                        4,360.116686
Epoch6                              0.000000                        4,360.116686
Epoch7                              0.000000                        4,360.116686
Epoch8                              0.000000                        4,360.116686
Epoch9                              0.000000                        4,360.116686
Epoch10                             0.000000                        4,360.116686
Epoch11                             0.000000                        4,360.116686
Epoch12                             0.000000                        4,360.116686
Epoch13                             0.000000                        4,360.116686
Epoch14                             0.000000                        4,360.116686
Epoch15                             0.000000                        4,360.116686
Epoch16                             0.000000                        4,360.116686
