Epoch#                               Rewards                   Total(Cumulative)
Epoch0                          1,164.391550                        1,164.391550
Epoch1                            535.888199                        1,700.279749
Epoch2                            430.338559                        2,130.618308
Epoch3                            171.546603                        2,302.164911
Epoch4                              5.119851                        2,307.284762
Epoch5                              0.000000                        2,307.284762
Epoch6                              0.000000                        2,307.284762
Epoch7                              0.000000                        2,307.284762
Epoch8                              0.000000                        2,307.284762
Epoch9                              0.000000                        2,307.284762
Epoch10                             0.000000                        2,307.284762
Epoch11                             0.000000                        2,307.284762
Epoch12                             0.000000                        2,307.284762
Epoch13                             0.000000                        2,307.284762
Epoch14                             0.000000                        2,307.284762
Epoch15                             0.000000                        2,307.284762
Epoch16                             0.000000                        2,307.284762
