Epoch#                               Rewards                   Total(Cumulative)
Epoch0                          1,163.750389                        1,163.750389
Epoch1                              0.000000                        1,163.750389
Epoch2                              0.000000                        1,163.750389
Epoch3                              0.000000                        1,163.750389
Epoch4                              0.000000                        1,163.750389
Epoch5                              0.000000                        1,163.750389
Epoch6                              0.000000                        1,163.750389
Epoch7                              0.000000                        1,163.750389
Epoch8                              0.000000                        1,163.750389
Epoch9                              0.000000                        1,163.750389
Epoch10                             0.000000                        1,163.750389
Epoch11                             0.000000                        1,163.750389
Epoch12                             0.000000                        1,163.750389
Epoch13                             0.000000                        1,163.750389
Epoch14                             0.000000                        1,163.750389
Epoch15                             0.000000                        1,163.750389
