Epoch#                               Rewards                   Total(Cumulative)
Epoch0                          1,163.977910                        1,163.977910
Epoch1                              0.000000                        1,163.977910
Epoch2                              0.000000                        1,163.977910
Epoch3                              0.000000                        1,163.977910
Epoch4                              0.000000                        1,163.977910
Epoch5                              0.000000                        1,163.977910
Epoch6                              0.000000                        1,163.977910
Epoch7                              0.000000                        1,163.977910
Epoch8                              0.000000                        1,163.977910
Epoch9                              0.000000                        1,163.977910
Epoch10                             0.000000                        1,163.977910
Epoch11                             0.000000                        1,163.977910
Epoch12                             0.000000                        1,163.977910
Epoch13                             0.000000                        1,163.977910
Epoch14                             0.000000                        1,163.977910
Epoch15                             0.000000                        1,163.977910
Epoch16                             0.000000                        1,163.977910
Epoch17                             0.000000                        1,163.977910
