Epoch#                               Rewards                   Total(Cumulative)
Epoch0                          6,422.267493                        6,422.267493
Epoch1                              0.000000                        6,422.267493
Epoch2                              0.073013                        6,422.340506
Epoch3                              0.000000                        6,422.340506
Epoch4                              0.000000                        6,422.340506
Epoch5                              0.000000                        6,422.340506
Epoch6                              0.111939                        6,422.452445
Epoch7                              0.000000                        6,422.452445
Epoch8                              0.000000                        6,422.452445
Epoch9                              0.000000                        6,422.452445
Epoch10                             0.000000                        6,422.452445
Epoch11                             0.000000                        6,422.452445
Epoch12                             0.000000                        6,422.452445
Epoch13                             0.000000                        6,422.452445
Epoch14                             0.000000                        6,422.452445
Epoch15                             0.000000                        6,422.452445
Epoch16                             0.000000                        6,422.452445
