Epoch#                               Rewards                   Total(Cumulative)
Epoch0                          1,163.609120                        1,163.609120
Epoch1                              0.000000                        1,163.609120
Epoch2                              0.000000                        1,163.609120
Epoch3                              0.000000                        1,163.609120
Epoch4                              0.000000                        1,163.609120
Epoch5                              0.000000                        1,163.609120
Epoch6                              0.000000                        1,163.609120
Epoch7                              0.000000                        1,163.609120
Epoch8                              0.000000                        1,163.609120
Epoch9                              0.000000                        1,163.609120
Epoch10                             0.000000                        1,163.609120
Epoch11                             0.000000                        1,163.609120
Epoch12                             0.000000                        1,163.609120
Epoch13                             0.000000                        1,163.609120
Epoch14                             0.000000                        1,163.609120
Epoch15                             0.000000                        1,163.609120
Epoch16                             0.000000                        1,163.609120
Epoch17                             0.000000                        1,163.609120
