Epoch#                               Rewards                   Total(Cumulative)
Epoch0                          1,164.603135                        1,164.603135
Epoch1                              0.000000                        1,164.603135
Epoch2                              0.000000                        1,164.603135
Epoch3                              0.000000                        1,164.603135
Epoch4                              0.057733                        1,164.660868
Epoch5                              0.000000                        1,164.660868
Epoch6                              0.000000                        1,164.660868
Epoch7                              0.000000                        1,164.660868
Epoch8                              0.117430                        1,164.778298
Epoch9                              0.167939                        1,164.946237
Epoch10                             0.123693                        1,165.069930
Epoch11                             0.000000                        1,165.069930
Epoch12                             0.000000                        1,165.069930
Epoch13                             0.000000                        1,165.069930
Epoch14                             0.000000                        1,165.069930
Epoch15                             0.000000                        1,165.069930
Epoch16                             0.000000                        1,165.069930
Epoch17                             0.000000                        1,165.069930
