Epoch#                               Rewards                   Total(Cumulative)
Epoch0                          1,166.554776                        1,166.554776
Epoch1                              0.716515                        1,167.271290
Epoch2                              0.000000                        1,167.271290
Epoch3                              0.000000                        1,167.271290
Epoch4                              0.000000                        1,167.271290
Epoch5                              0.000000                        1,167.271290
Epoch6                              0.000000                        1,167.271290
Epoch7                              0.000000                        1,167.271290
Epoch8                              0.000000                        1,167.271290
Epoch9                              0.000000                        1,167.271290
Epoch10                             0.000000                        1,167.271290
Epoch11                             0.000000                        1,167.271290
Epoch12                             0.000000                        1,167.271290
Epoch13                             0.000000                        1,167.271290
Epoch14                             0.000000                        1,167.271290
Epoch15                             0.000000                        1,167.271290
Epoch16                             0.000000                        1,167.271290
Epoch17                             0.000000                        1,167.271290
Epoch18                             0.000000                        1,167.271290
Epoch19                             0.000000                        1,167.271290
Epoch20                             0.000000                        1,167.271290
Epoch21                             0.000000                        1,167.271290
Epoch22                             0.000000                        1,167.271290
Epoch23                             0.000000                        1,167.271290
Epoch24                             0.000000                        1,167.271290
Epoch25                             0.000000                        1,167.271290
Epoch26                             0.000000                        1,167.271290
Epoch27                             0.000000                        1,167.271290
Epoch28                             0.000000                        1,167.271290
Epoch29                             0.000000                        1,167.271290
