Epoch#                               Rewards                   Total(Cumulative)
Epoch0                          6,438.880934                        6,438.880934
Epoch1                              0.981134                        6,439.862068
Epoch2                              0.000000                        6,439.862068
Epoch3                              0.000000                        6,439.862068
Epoch4                              6.306201                        6,446.168269
Epoch5                              0.000000                        6,446.168269
Epoch6                              0.000000                        6,446.168269
Epoch7                              0.000000                        6,446.168269
Epoch8                              0.000000                        6,446.168269
Epoch9                              3.565165                        6,449.733434
Epoch10                            41.055521                        6,490.788955
Epoch11                            32.129966                        6,522.918921
Epoch12                            87.355141                        6,610.274061
Epoch13                            63.935542                        6,674.209603
Epoch14                           791.142613                        7,465.352217
Epoch15                           218.255293                        7,683.607509
