Epoch#                               Rewards                   Total(Cumulative)
Epoch0                          6,431.015188                        6,431.015188
Epoch1                             90.011738                        6,521.026927
Epoch2                             18.801805                        6,539.828731
Epoch3                             39.985129                        6,579.813860
Epoch4                            103.577074                        6,683.390934
Epoch5                             22.131162                        6,705.522096
Epoch6                            239.391842                        6,944.913938
Epoch7                             94.128064                        7,039.042002
Epoch8                             25.686747                        7,064.728749
Epoch9                              0.000000                        7,064.728749
Epoch10                            31.794642                        7,096.523391
Epoch11                            83.752673                        7,180.276063
Epoch12                             0.000000                        7,180.276063
Epoch13                             0.000000                        7,180.276063
Epoch14                             0.000000                        7,180.276063
Epoch15                             0.000000                        7,180.276063
Epoch16                             0.000000                        7,180.276063
Epoch17                             0.000000                        7,180.276063
Epoch18                             0.000000                        7,180.276063
Epoch19                             0.000000                        7,180.276063
Epoch20                             0.000000                        7,180.276063
Epoch21                             0.000000                        7,180.276063
Epoch22                             0.000000                        7,180.276063
Epoch23                             0.000000                        7,180.276063
Epoch24                             0.000000                        7,180.276063
Epoch25                             0.000000                        7,180.276063
Epoch26                             0.000000                        7,180.276063
Epoch27                             0.000000                        7,180.276063
Epoch28                             1.207206                        7,181.483269
