Epoch#                               Rewards                   Total(Cumulative)
Epoch0                          1,163.777751                        1,163.777751
Epoch1                              0.000000                        1,163.777751
Epoch2                              0.000000                        1,163.777751
Epoch3                              0.000000                        1,163.777751
Epoch4                              0.000000                        1,163.777751
Epoch5                              0.000000                        1,163.777751
Epoch6                              0.000000                        1,163.777751
Epoch7                              0.000000                        1,163.777751
Epoch8                              0.000000                        1,163.777751
Epoch9                              0.000000                        1,163.777751
Epoch10                             0.000000                        1,163.777751
Epoch11                             0.000000                        1,163.777751
Epoch12                             0.000000                        1,163.777751
Epoch13                             0.000000                        1,163.777751
Epoch14                             0.000000                        1,163.777751
Epoch15                             0.000000                        1,163.777751
Epoch16                             0.000000                        1,163.777751
Epoch17                             0.000000                        1,163.777751
