Epoch#                               Rewards                   Total(Cumulative)
Epoch0                          4,355.217759                        4,355.217759
Epoch1                              0.000000                        4,355.217759
Epoch2                              0.000000                        4,355.217759
Epoch3                              0.000000                        4,355.217759
Epoch4                              0.000000                        4,355.217759
Epoch5                              0.000000                        4,355.217759
Epoch6                              0.000000                        4,355.217759
Epoch7                              0.000000                        4,355.217759
Epoch8                              0.000000                        4,355.217759
Epoch9                              0.000000                        4,355.217759
Epoch10                             0.000000                        4,355.217759
Epoch11                             6.245851                        4,361.463610
Epoch12                             7.616861                        4,369.080472
Epoch13                             0.000000                        4,369.080472
Epoch14                             0.000000                        4,369.080472
Epoch15                             0.000000                        4,369.080472
Epoch16                             0.000000                        4,369.080472
Epoch17                             0.000000                        4,369.080472
Epoch18                             0.000000                        4,369.080472
Epoch19                             0.000000                        4,369.080472
Epoch20                             0.000000                        4,369.080472
Epoch21                             0.000000                        4,369.080472
Epoch22                             0.000000                        4,369.080472
Epoch23                             0.000000                        4,369.080472
Epoch24                             0.000000                        4,369.080472
Epoch25                             0.000000                        4,369.080472
Epoch26                             0.000000                        4,369.080472
Epoch27                             0.000000                        4,369.080472
Epoch28                             0.000000                        4,369.080472
Epoch29                             0.000000                        4,369.080472
Epoch30                             0.000000                        4,369.080472
