Epoch#                               Rewards                   Total(Cumulative)
Epoch0                         10,604.276125                       10,604.276125
Epoch1                            250.720557                       10,854.996682
Epoch2                            320.295633                       11,175.292315
Epoch3                            230.802805                       11,406.095120
Epoch4                              0.000000                       11,406.095120
Epoch5                              0.000000                       11,406.095120
Epoch6                              0.000000                       11,406.095120
Epoch7                              0.000000                       11,406.095120
Epoch8                              0.000000                       11,406.095120
Epoch9                              0.000000                       11,406.095120
Epoch10                             0.000000                       11,406.095120
Epoch11                             0.000000                       11,406.095120
Epoch12                             0.000000                       11,406.095120
Epoch13                             0.000000                       11,406.095120
Epoch14                             0.000000                       11,406.095120
Epoch15                             0.000000                       11,406.095120
Epoch16                             0.000000                       11,406.095120
