Epoch#                               Rewards                   Total(Cumulative)
Epoch0                          1,110.489780                        1,110.489780
Epoch1                              0.000000                        1,110.489780
Epoch2                              0.000000                        1,110.489780
Epoch3                              0.000000                        1,110.489780
Epoch4                              0.000000                        1,110.489780
Epoch5                              0.000000                        1,110.489780
Epoch6                              0.000000                        1,110.489780
Epoch7                              0.000000                        1,110.489780
Epoch8                              0.000000                        1,110.489780
Epoch9                              0.000000                        1,110.489780
Epoch10                             0.000000                        1,110.489780
Epoch11                             0.000000                        1,110.489780
Epoch12                             0.000000                        1,110.489780
Epoch13                             0.000000                        1,110.489780
Epoch14                             0.000000                        1,110.489780
