Epoch#                               Rewards                   Total(Cumulative)
Epoch0                          6,439.067006                        6,439.067006
Epoch1                              3.693331                        6,442.760337
Epoch2                              3.080221                        6,445.840559
Epoch3                             17.750401                        6,463.590960
Epoch4                              0.000000                        6,463.590960
Epoch5                              0.000000                        6,463.590960
Epoch6                              0.000000                        6,463.590960
Epoch7                              0.000000                        6,463.590960
Epoch8                              0.000000                        6,463.590960
Epoch9                              0.000000                        6,463.590960
Epoch10                             0.000000                        6,463.590960
Epoch11                             0.000000                        6,463.590960
Epoch12                             0.000000                        6,463.590960
Epoch13                             0.000000                        6,463.590960
Epoch14                             0.000000                        6,463.590960
