Epoch#                               Rewards                   Total(Cumulative)
Epoch0                          6,430.543522                        6,430.543522
Epoch1                             49.525600                        6,480.069123
Epoch2                              7.708721                        6,487.777844
Epoch3                              2.301606                        6,490.079449
Epoch4                              0.056659                        6,490.136109
Epoch5                              0.000000                        6,490.136109
Epoch6                              0.000000                        6,490.136109
Epoch7                              0.705596                        6,490.841704
Epoch8                              1.059087                        6,491.900791
Epoch9                              0.000000                        6,491.900791
Epoch10                             0.000000                        6,491.900791
Epoch11                             0.000000                        6,491.900791
Epoch12                             0.000000                        6,491.900791
Epoch13                             0.000000                        6,491.900791
Epoch14                             0.000000                        6,491.900791
Epoch15                             0.000000                        6,491.900791
Epoch16                             0.000000                        6,491.900791
Epoch17                             0.000000                        6,491.900791
Epoch18                             0.000000                        6,491.900791
Epoch19                             0.000000                        6,491.900791
Epoch20                             0.000000                        6,491.900791
Epoch21                             0.000000                        6,491.900791
Epoch22                             0.000000                        6,491.900791
Epoch23                             0.000000                        6,491.900791
Epoch24                             0.000000                        6,491.900791
Epoch25                             0.000000                        6,491.900791
Epoch26                             0.000000                        6,491.900791
Epoch27                             0.000000                        6,491.900791
Epoch28                             0.000000                        6,491.900791
