Epoch#                               Rewards                   Total(Cumulative)
Epoch0                          1,267.509440                        1,267.509440
Epoch1                              2.524367                        1,270.033807
Epoch2                              0.000000                        1,270.033807
Epoch3                              0.000000                        1,270.033807
Epoch4                              0.000000                        1,270.033807
Epoch5                              0.000000                        1,270.033807
Epoch6                              0.000000                        1,270.033807
Epoch7                              0.000000                        1,270.033807
Epoch8                              2.760104                        1,272.793911
Epoch9                              0.000000                        1,272.793911
Epoch10                             0.000000                        1,272.793911
Epoch11                             0.000000                        1,272.793911
Epoch12                             0.000000                        1,272.793911
Epoch13                             0.000000                        1,272.793911
Epoch14                             0.000000                        1,272.793911
