Epoch#                               Rewards                   Total(Cumulative)
Epoch0                          1,163.510000                        1,163.510000
Epoch1                              1.077279                        1,164.587279
Epoch2                              0.037498                        1,164.624776
Epoch3                              0.000000                        1,164.624776
Epoch4                              0.000000                        1,164.624776
Epoch5                              0.000000                        1,164.624776
Epoch6                              0.000000                        1,164.624776
Epoch7                              0.000000                        1,164.624776
Epoch8                              0.000000                        1,164.624776
Epoch9                              0.000000                        1,164.624776
Epoch10                             0.000000                        1,164.624776
Epoch11                             0.000000                        1,164.624776
Epoch12                             0.000000                        1,164.624776
Epoch13                             0.000000                        1,164.624776
Epoch14                             0.000000                        1,164.624776
Epoch15                             0.000000                        1,164.624776
Epoch16                             0.000000                        1,164.624776
Epoch17                             0.000000                        1,164.624776
Epoch18                             0.000000                        1,164.624776
Epoch19                             0.000000                        1,164.624776
Epoch20                             0.000000                        1,164.624776
Epoch21                             0.000000                        1,164.624776
Epoch22                             0.000000                        1,164.624776
Epoch23                             0.000000                        1,164.624776
Epoch24                             0.000000                        1,164.624776
Epoch25                             0.000000                        1,164.624776
Epoch26                             0.000000                        1,164.624776
Epoch27                             0.000000                        1,164.624776
Epoch28                             0.000000                        1,164.624776
Epoch29                             0.000000                        1,164.624776
