Epoch#                               Rewards                   Total(Cumulative)
Epoch0                          1,164.912175                        1,164.912175
Epoch1                              0.000000                        1,164.912175
Epoch2                              0.000000                        1,164.912175
Epoch3                              0.000000                        1,164.912175
Epoch4                              0.000000                        1,164.912175
Epoch5                              0.000000                        1,164.912175
Epoch6                              0.000000                        1,164.912175
Epoch7                              0.000000                        1,164.912175
Epoch8                              0.000000                        1,164.912175
Epoch9                              0.000000                        1,164.912175
Epoch10                             0.000000                        1,164.912175
Epoch11                             0.000000                        1,164.912175
Epoch12                             0.000000                        1,164.912175
Epoch13                             0.000000                        1,164.912175
Epoch14                             0.000000                        1,164.912175
Epoch15                             0.000000                        1,164.912175
Epoch16                             0.000000                        1,164.912175
Epoch17                             0.000000                        1,164.912175
Epoch18                             0.000000                        1,164.912175
Epoch19                             0.000000                        1,164.912175
Epoch20                             0.000000                        1,164.912175
Epoch21                             0.000000                        1,164.912175
Epoch22                             0.000000                        1,164.912175
Epoch23                             0.000000                        1,164.912175
Epoch24                             0.000000                        1,164.912175
Epoch25                             0.000000                        1,164.912175
Epoch26                             0.000000                        1,164.912175
Epoch27                             0.000000                        1,164.912175
Epoch28                             0.000000                        1,164.912175
