Epoch#                               Rewards                   Total(Cumulative)
Epoch0                          1,165.566068                        1,165.566068
Epoch1                              0.219408                        1,165.785476
Epoch2                              0.160979                        1,165.946455
Epoch3                              0.000000                        1,165.946455
Epoch4                              0.209675                        1,166.156130
Epoch5                              0.000000                        1,166.156130
Epoch6                              0.000000                        1,166.156130
Epoch7                              0.000000                        1,166.156130
Epoch8                              0.000000                        1,166.156130
Epoch9                              0.000000                        1,166.156130
Epoch10                             0.000000                        1,166.156130
Epoch11                             0.000000                        1,166.156130
Epoch12                             0.000000                        1,166.156130
Epoch13                             0.000000                        1,166.156130
Epoch14                             0.000000                        1,166.156130
Epoch15                             0.000000                        1,166.156130
Epoch16                             0.000000                        1,166.156130
Epoch17                             0.000000                        1,166.156130
Epoch18                             0.000000                        1,166.156130
Epoch19                             0.000000                        1,166.156130
Epoch20                             0.000000                        1,166.156130
Epoch21                             0.000000                        1,166.156130
Epoch22                             0.000000                        1,166.156130
Epoch23                             0.000000                        1,166.156130
Epoch24                             0.000000                        1,166.156130
Epoch25                             0.000000                        1,166.156130
Epoch26                             0.000000                        1,166.156130
Epoch27                             0.000000                        1,166.156130
Epoch28                             0.000000                        1,166.156130
Epoch29                             0.000000                        1,166.156130
Epoch30                             0.000000                        1,166.156130
