Epoch#                               Rewards                   Total(Cumulative)
Epoch0                          1,168.204617                        1,168.204617
Epoch1                              1.810169                        1,170.014786
Epoch2                              0.000000                        1,170.014786
Epoch3                              0.000000                        1,170.014786
Epoch4                              0.000000                        1,170.014786
Epoch5                              0.000000                        1,170.014786
Epoch6                              0.000000                        1,170.014786
Epoch7                              0.000000                        1,170.014786
Epoch8                              0.000000                        1,170.014786
Epoch9                              0.000000                        1,170.014786
Epoch10                             0.000000                        1,170.014786
Epoch11                             0.000000                        1,170.014786
Epoch12                             0.000000                        1,170.014786
Epoch13                             0.000000                        1,170.014786
Epoch14                             0.000000                        1,170.014786
Epoch15                             0.000000                        1,170.014786
Epoch16                             0.000000                        1,170.014786
Epoch17                             0.000000                        1,170.014786
Epoch18                             0.000000                        1,170.014786
Epoch19                             0.000000                        1,170.014786
Epoch20                             0.000000                        1,170.014786
Epoch21                             0.000000                        1,170.014786
Epoch22                             0.000000                        1,170.014786
Epoch23                             0.000000                        1,170.014786
Epoch24                             0.000000                        1,170.014786
Epoch25                             0.000000                        1,170.014786
Epoch26                             0.000000                        1,170.014786
Epoch27                             0.000000                        1,170.014786
Epoch28                             0.000000                        1,170.014786
Epoch29                             0.000000                        1,170.014786
Epoch30                             0.000000                        1,170.014786
