Epoch#                               Rewards                   Total(Cumulative)
Epoch0                          1,163.656772                        1,163.656772
Epoch1                              0.000000                        1,163.656772
Epoch2                              0.000000                        1,163.656772
Epoch3                              0.000000                        1,163.656772
Epoch4                              0.000000                        1,163.656772
Epoch5                              0.000000                        1,163.656772
Epoch6                              0.000000                        1,163.656772
Epoch7                              0.000000                        1,163.656772
Epoch8                              0.000000                        1,163.656772
Epoch9                              0.000000                        1,163.656772
Epoch10                             0.000000                        1,163.656772
Epoch11                             0.000000                        1,163.656772
Epoch12                             0.000000                        1,163.656772
Epoch13                             0.000000                        1,163.656772
Epoch14                             0.000000                        1,163.656772
Epoch15                             0.000000                        1,163.656772
Epoch16                             0.000000                        1,163.656772
Epoch17                             0.000000                        1,163.656772
