Epoch#                               Rewards                   Total(Cumulative)
Epoch0                          4,352.403425                        4,352.403425
Epoch1                              0.000000                        4,352.403425
Epoch2                              0.000000                        4,352.403425
Epoch3                              0.000000                        4,352.403425
Epoch4                              0.000000                        4,352.403425
Epoch5                              0.000000                        4,352.403425
Epoch6                              0.000000                        4,352.403425
Epoch7                              0.000000                        4,352.403425
Epoch8                              0.000000                        4,352.403425
Epoch9                              0.000000                        4,352.403425
Epoch10                             0.000000                        4,352.403425
Epoch11                             0.000000                        4,352.403425
Epoch12                             0.000000                        4,352.403425
Epoch13                             0.000000                        4,352.403425
Epoch14                             0.000000                        4,352.403425
Epoch15                             0.000000                        4,352.403425
Epoch16                             0.000000                        4,352.403425
Epoch17                             0.000000                        4,352.403425
Epoch18                             0.000000                        4,352.403425
Epoch19                             0.000000                        4,352.403425
Epoch20                             0.000000                        4,352.403425
Epoch21                             0.000000                        4,352.403425
Epoch22                             0.000000                        4,352.403425
Epoch23                             0.000000                        4,352.403425
Epoch24                             0.000000                        4,352.403425
Epoch25                             0.000000                        4,352.403425
Epoch26                             0.000000                        4,352.403425
Epoch27                             0.000000                        4,352.403425
Epoch28                             0.000000                        4,352.403425
Epoch29                             0.000000                        4,352.403425
