Epoch#                               Rewards                   Total(Cumulative)
Epoch0                          1,163.569678                        1,163.569678
Epoch1                              0.000000                        1,163.569678
Epoch2                              0.000000                        1,163.569678
Epoch3                              0.000000                        1,163.569678
Epoch4                              0.000000                        1,163.569678
Epoch5                              0.000000                        1,163.569678
Epoch6                              0.000000                        1,163.569678
Epoch7                              0.000000                        1,163.569678
Epoch8                              0.000000                        1,163.569678
Epoch9                              0.000000                        1,163.569678
Epoch10                             0.000000                        1,163.569678
Epoch11                             0.000000                        1,163.569678
Epoch12                             0.000000                        1,163.569678
Epoch13                             0.000000                        1,163.569678
Epoch14                             0.000000                        1,163.569678
Epoch15                             0.000000                        1,163.569678
Epoch16                             0.000000                        1,163.569678
