Epoch#                               Rewards                   Total(Cumulative)
Epoch0                          4,635.025870                        4,635.025870
Epoch1                             93.596625                        4,728.622495
Epoch2                              0.000000                        4,728.622495
Epoch3                              0.000000                        4,728.622495
Epoch4                              0.000000                        4,728.622495
Epoch5                              0.000000                        4,728.622495
Epoch6                              0.000000                        4,728.622495
Epoch7                              0.000000                        4,728.622495
Epoch8                              0.000000                        4,728.622495
Epoch9                              0.000000                        4,728.622495
Epoch10                             0.000000                        4,728.622495
Epoch11                             0.000000                        4,728.622495
Epoch12                             0.000000                        4,728.622495
Epoch13                             0.000000                        4,728.622495
Epoch14                             0.000000                        4,728.622495
Epoch15                             0.000000                        4,728.622495
Epoch16                             0.000000                        4,728.622495
Epoch17                             0.000000                        4,728.622495
Epoch18                             0.000000                        4,728.622495
Epoch19                             0.000000                        4,728.622495
Epoch20                             0.000000                        4,728.622495
Epoch21                             0.000000                        4,728.622495
Epoch22                             0.000000                        4,728.622495
Epoch23                             0.000000                        4,728.622495
Epoch24                             0.000000                        4,728.622495
Epoch25                             0.000000                        4,728.622495
Epoch26                             0.000000                        4,728.622495
Epoch27                             0.000000                        4,728.622495
Epoch28                             0.000000                        4,728.622495
