Epoch#                               Rewards                   Total(Cumulative)
Epoch0                          2,123.763432                        2,123.763432
Epoch1                          1,387.642098                        3,511.405530
Epoch2                              0.000000                        3,511.405530
Epoch3                              0.000000                        3,511.405530
Epoch4                              0.000000                        3,511.405530
Epoch5                              0.000000                        3,511.405530
Epoch6                              0.000000                        3,511.405530
Epoch7                              0.000000                        3,511.405530
Epoch8                              0.000000                        3,511.405530
Epoch9                              0.000000                        3,511.405530
Epoch10                             0.000000                        3,511.405530
Epoch11                             0.000000                        3,511.405530
Epoch12                             0.000000                        3,511.405530
Epoch13                             0.000000                        3,511.405530
Epoch14                             0.000000                        3,511.405530
Epoch15                             0.000000                        3,511.405530
Epoch16                             0.000000                        3,511.405530
