Epoch#                               Rewards                   Total(Cumulative)
Epoch0                            155.401642                          155.401642
Epoch1                          1,017.486176                        1,172.887818
Epoch2                            385.069927                        1,557.957745
Epoch3                            652.583019                        2,210.540764
Epoch4                            228.400105                        2,438.940869
Epoch5                            112.738928                        2,551.679797
Epoch6                             56.131587                        2,607.811384
Epoch7                             20.724359                        2,628.535743
Epoch8                            183.359527                        2,811.895270
Epoch9                            128.677416                        2,940.572685
Epoch10                           205.351735                        3,145.924420
Epoch11                           139.540591                        3,285.465011
Epoch12                           205.153682                        3,490.618693
Epoch13                           284.693765                        3,775.312459
Epoch14                           256.977986                        4,032.290445
Epoch15                           366.345375                        4,398.635820
Epoch16                             7.308077                        4,405.943896
Epoch17                             0.000000                        4,405.943896
