Epoch#                               Rewards                   Total(Cumulative)
Epoch0                          1,163.605156                        1,163.605156
Epoch1                              0.000000                        1,163.605156
Epoch2                              0.000000                        1,163.605156
Epoch3                              0.000000                        1,163.605156
Epoch4                              0.000000                        1,163.605156
Epoch5                              0.000000                        1,163.605156
Epoch6                              0.000000                        1,163.605156
Epoch7                              0.000000                        1,163.605156
Epoch8                              0.000000                        1,163.605156
Epoch9                              0.000000                        1,163.605156
Epoch10                             0.000000                        1,163.605156
Epoch11                             0.000000                        1,163.605156
Epoch12                             0.000000                        1,163.605156
Epoch13                             0.000000                        1,163.605156
Epoch14                             0.000000                        1,163.605156
Epoch15                             0.000000                        1,163.605156
Epoch16                             0.000000                        1,163.605156
Epoch17                             0.000000                        1,163.605156
Epoch18                             0.000000                        1,163.605156
Epoch19                             0.000000                        1,163.605156
Epoch20                             0.000000                        1,163.605156
Epoch21                             0.000000                        1,163.605156
Epoch22                             0.000000                        1,163.605156
Epoch23                             0.000000                        1,163.605156
Epoch24                             0.000000                        1,163.605156
Epoch25                             0.000000                        1,163.605156
Epoch26                             0.000000                        1,163.605156
Epoch27                             0.000000                        1,163.605156
