Epoch#                               Rewards                   Total(Cumulative)
Epoch0                          1,163.639757                        1,163.639757
Epoch1                              0.000000                        1,163.639757
Epoch2                              0.000000                        1,163.639757
Epoch3                              0.000000                        1,163.639757
Epoch4                              0.000000                        1,163.639757
Epoch5                              0.000000                        1,163.639757
Epoch6                              0.000000                        1,163.639757
Epoch7                              0.000000                        1,163.639757
Epoch8                              0.000000                        1,163.639757
Epoch9                              0.000000                        1,163.639757
Epoch10                             0.000000                        1,163.639757
Epoch11                             0.000000                        1,163.639757
Epoch12                             0.000000                        1,163.639757
Epoch13                             0.000000                        1,163.639757
Epoch14                             0.000000                        1,163.639757
Epoch15                             0.000000                        1,163.639757
Epoch16                             0.000000                        1,163.639757
