Epoch#                               Rewards                   Total(Cumulative)
Epoch0                          1,166.627667                        1,166.627667
Epoch1                              0.000000                        1,166.627667
Epoch2                              0.000000                        1,166.627667
Epoch3                              0.000000                        1,166.627667
Epoch4                              0.000000                        1,166.627667
Epoch5                              0.000000                        1,166.627667
Epoch6                              0.000000                        1,166.627667
Epoch7                              0.000000                        1,166.627667
Epoch8                              0.000000                        1,166.627667
Epoch9                              0.000000                        1,166.627667
Epoch10                             0.000000                        1,166.627667
Epoch11                             0.000000                        1,166.627667
Epoch12                             0.000000                        1,166.627667
Epoch13                             0.000000                        1,166.627667
Epoch14                             0.000000                        1,166.627667
