Epoch#                               Rewards                   Total(Cumulative)
Epoch0                          1,163.909400                        1,163.909400
Epoch1                              0.000000                        1,163.909400
Epoch2                              0.000000                        1,163.909400
Epoch3                              0.000000                        1,163.909400
Epoch4                              0.000000                        1,163.909400
Epoch5                              0.000000                        1,163.909400
Epoch6                              0.000000                        1,163.909400
Epoch7                              0.000000                        1,163.909400
Epoch8                              0.000000                        1,163.909400
Epoch9                              0.000000                        1,163.909400
Epoch10                             0.000000                        1,163.909400
Epoch11                             0.000000                        1,163.909400
Epoch12                             0.000000                        1,163.909400
Epoch13                             0.000000                        1,163.909400
Epoch14                             0.000000                        1,163.909400
Epoch15                             0.000000                        1,163.909400
Epoch16                             0.000000                        1,163.909400
Epoch17                             0.000000                        1,163.909400
