Epoch#                               Rewards                   Total(Cumulative)
Epoch0                          6,414.893093                        6,414.893093
Epoch1                            233.791724                        6,648.684817
Epoch2                              9.138720                        6,657.823537
Epoch3                             39.180788                        6,697.004325
Epoch4                             36.663568                        6,733.667893
Epoch5                              0.000000                        6,733.667893
Epoch6                              0.000000                        6,733.667893
Epoch7                              0.000000                        6,733.667893
Epoch8                              0.000000                        6,733.667893
Epoch9                              0.000000                        6,733.667893
Epoch10                             0.000000                        6,733.667893
Epoch11                             0.000000                        6,733.667893
Epoch12                             0.000000                        6,733.667893
Epoch13                             0.000000                        6,733.667893
Epoch14                             0.000000                        6,733.667893
Epoch15                             0.000000                        6,733.667893
