Epoch#                               Rewards                   Total(Cumulative)
Epoch0                          1,164.591638                        1,164.591638
Epoch1                              0.016112                        1,164.607750
Epoch2                              0.000000                        1,164.607750
Epoch3                              0.000000                        1,164.607750
Epoch4                              0.000000                        1,164.607750
Epoch5                              0.000000                        1,164.607750
Epoch6                              0.000000                        1,164.607750
Epoch7                              0.000000                        1,164.607750
Epoch8                              0.000000                        1,164.607750
Epoch9                              0.000000                        1,164.607750
Epoch10                             0.000000                        1,164.607750
Epoch11                             0.000000                        1,164.607750
Epoch12                             0.000000                        1,164.607750
Epoch13                             0.000000                        1,164.607750
Epoch14                             0.000000                        1,164.607750
