Epoch#                               Rewards                   Total(Cumulative)
Epoch0                          4,367.140967                        4,367.140967
Epoch1                              0.000000                        4,367.140967
Epoch2                              0.000000                        4,367.140967
Epoch3                              0.000000                        4,367.140967
Epoch4                              0.000000                        4,367.140967
Epoch5                              0.000000                        4,367.140967
Epoch6                              0.000000                        4,367.140967
Epoch7                              0.000000                        4,367.140967
Epoch8                              0.000000                        4,367.140967
Epoch9                              0.000000                        4,367.140967
Epoch10                             0.000000                        4,367.140967
Epoch11                             0.000000                        4,367.140967
Epoch12                             0.000000                        4,367.140967
Epoch13                             0.000000                        4,367.140967
Epoch14                             0.000000                        4,367.140967
Epoch15                             0.000000                        4,367.140967
Epoch16                             0.000000                        4,367.140967
