Epoch#                               Rewards                   Total(Cumulative)
Epoch0                          1,163.987872                        1,163.987872
Epoch1                              0.213209                        1,164.201081
Epoch2                              0.023754                        1,164.224835
Epoch3                              0.097926                        1,164.322761
Epoch4                              0.000000                        1,164.322761
Epoch5                              0.000000                        1,164.322761
Epoch6                              0.000000                        1,164.322761
Epoch7                              0.000000                        1,164.322761
Epoch8                              0.000000                        1,164.322761
Epoch9                              0.000000                        1,164.322761
Epoch10                             0.000000                        1,164.322761
Epoch11                             0.000000                        1,164.322761
Epoch12                             0.000000                        1,164.322761
Epoch13                             0.000000                        1,164.322761
Epoch14                             0.000000                        1,164.322761
Epoch15                             0.000000                        1,164.322761
Epoch16                             0.000000                        1,164.322761
Epoch17                             0.000000                        1,164.322761
Epoch18                             0.000000                        1,164.322761
Epoch19                             0.000000                        1,164.322761
Epoch20                             0.000000                        1,164.322761
Epoch21                             0.000000                        1,164.322761
Epoch22                             0.000000                        1,164.322761
Epoch23                             0.000000                        1,164.322761
Epoch24                             0.000000                        1,164.322761
Epoch25                             0.000000                        1,164.322761
Epoch26                             0.000000                        1,164.322761
Epoch27                             0.000000                        1,164.322761
Epoch28                             0.000000                        1,164.322761
Epoch29                             0.000000                        1,164.322761
Epoch30                             0.000000                        1,164.322761
