Epoch#                               Rewards                   Total(Cumulative)
Epoch0                          4,458.704459                        4,458.704459
Epoch1                              0.212883                        4,458.917342
Epoch2                              0.000000                        4,458.917342
Epoch3                              0.000000                        4,458.917342
Epoch4                              0.000000                        4,458.917342
Epoch5                              0.000000                        4,458.917342
Epoch6                              0.000000                        4,458.917342
Epoch7                              0.000000                        4,458.917342
Epoch8                              0.000000                        4,458.917342
Epoch9                              0.000000                        4,458.917342
Epoch10                             0.000000                        4,458.917342
Epoch11                             0.000000                        4,458.917342
Epoch12                             0.000000                        4,458.917342
Epoch13                             0.000000                        4,458.917342
Epoch14                             0.000000                        4,458.917342
Epoch15                             0.000000                        4,458.917342
