Epoch#                               Rewards                   Total(Cumulative)
Epoch0                          4,349.630000                        4,349.630000
Epoch1                              4.265301                        4,353.895301
Epoch2                             61.244086                        4,415.139388
Epoch3                             25.297736                        4,440.437123
Epoch4                             50.873872                        4,491.310996
Epoch5                             10.044661                        4,501.355657
Epoch6                              2.733452                        4,504.089109
Epoch7                             14.698523                        4,518.787631
Epoch8                              3.551154                        4,522.338786
Epoch9                              6.140311                        4,528.479097
Epoch10                             0.000000                        4,528.479097
Epoch11                             0.000000                        4,528.479097
Epoch12                             0.000000                        4,528.479097
Epoch13                             0.000000                        4,528.479097
Epoch14                             0.000000                        4,528.479097
Epoch15                             0.000000                        4,528.479097
Epoch16                             0.000000                        4,528.479097
Epoch17                             0.000000                        4,528.479097
Epoch18                             0.000000                        4,528.479097
Epoch19                             0.000000                        4,528.479097
Epoch20                             0.000000                        4,528.479097
Epoch21                             0.000000                        4,528.479097
Epoch22                             0.000000                        4,528.479097
Epoch23                             0.000000                        4,528.479097
Epoch24                             0.000000                        4,528.479097
Epoch25                             0.000000                        4,528.479097
Epoch26                             0.000000                        4,528.479097
Epoch27                             0.000000                        4,528.479097
Epoch28                             0.000000                        4,528.479097
Epoch29                             0.000000                        4,528.479097
Epoch30                             0.000000                        4,528.479097
