Epoch#                               Rewards                   Total(Cumulative)
Epoch0                          4,371.119146                        4,371.119146
Epoch1                              0.000000                        4,371.119146
Epoch2                              0.000000                        4,371.119146
Epoch3                              0.000000                        4,371.119146
Epoch4                              3.765470                        4,374.884616
Epoch5                              0.000000                        4,374.884616
Epoch6                              0.000000                        4,374.884616
Epoch7                              3.332744                        4,378.217360
Epoch8                              0.000000                        4,378.217360
Epoch9                              0.000000                        4,378.217360
Epoch10                             0.000000                        4,378.217360
Epoch11                             0.000000                        4,378.217360
Epoch12                             0.000000                        4,378.217360
Epoch13                             0.000000                        4,378.217360
Epoch14                             0.000000                        4,378.217360
Epoch15                             0.000000                        4,378.217360
Epoch16                             0.000000                        4,378.217360
Epoch17                             0.000000                        4,378.217360
Epoch18                             0.000000                        4,378.217360
Epoch19                             0.000000                        4,378.217360
Epoch20                             0.000000                        4,378.217360
Epoch21                             0.000000                        4,378.217360
Epoch22                             0.000000                        4,378.217360
Epoch23                             0.000000                        4,378.217360
Epoch24                             0.000000                        4,378.217360
Epoch25                             0.000000                        4,378.217360
Epoch26                             0.000000                        4,378.217360
Epoch27                             0.000000                        4,378.217360
Epoch28                             0.000000                        4,378.217360
Epoch29                             0.000000                        4,378.217360
Epoch30                             0.000000                        4,378.217360
