Epoch#                               Rewards                   Total(Cumulative)
Epoch0                          1,164.121393                        1,164.121393
Epoch1                              0.034428                        1,164.155822
Epoch2                              0.008045                        1,164.163867
Epoch3                              0.000000                        1,164.163867
Epoch4                              0.023452                        1,164.187319
Epoch5                              0.000000                        1,164.187319
Epoch6                              0.000000                        1,164.187319
Epoch7                              0.000000                        1,164.187319
Epoch8                              0.000000                        1,164.187319
Epoch9                              0.000000                        1,164.187319
Epoch10                             0.000000                        1,164.187319
Epoch11                             0.000000                        1,164.187319
Epoch12                             0.000000                        1,164.187319
Epoch13                             0.000000                        1,164.187319
Epoch14                             0.000000                        1,164.187319
