Epoch#                               Rewards                   Total(Cumulative)
Epoch0                          5,977.881998                        5,977.881998
Epoch1                            353.571871                        6,331.453869
Epoch2                             46.656109                        6,378.109978
Epoch3                              0.000000                        6,378.109978
Epoch4                            114.430012                        6,492.539990
Epoch5                              0.000000                        6,492.539990
Epoch6                              0.000000                        6,492.539990
Epoch7                              0.000000                        6,492.539990
Epoch8                              0.000000                        6,492.539990
Epoch9                              0.000000                        6,492.539990
Epoch10                             0.000000                        6,492.539990
Epoch11                             0.000000                        6,492.539990
Epoch12                             0.000000                        6,492.539990
Epoch13                             0.000000                        6,492.539990
Epoch14                             0.000000                        6,492.539990
