Epoch#                               Rewards                   Total(Cumulative)
Epoch0                          1,164.185159                        1,164.185159
Epoch1                              0.008896                        1,164.194055
Epoch2                              0.000000                        1,164.194055
Epoch3                              0.000000                        1,164.194055
Epoch4                              0.000000                        1,164.194055
Epoch5                              0.000000                        1,164.194055
Epoch6                              0.000000                        1,164.194055
Epoch7                              0.000000                        1,164.194055
Epoch8                              0.000000                        1,164.194055
Epoch9                              0.000000                        1,164.194055
Epoch10                             0.000000                        1,164.194055
Epoch11                             0.000000                        1,164.194055
Epoch12                             0.000000                        1,164.194055
Epoch13                             0.000000                        1,164.194055
Epoch14                             0.000000                        1,164.194055
Epoch15                             0.000000                        1,164.194055
