Epoch#                               Rewards                   Total(Cumulative)
Epoch0                          1,163.949957                        1,163.949957
Epoch1                              0.000000                        1,163.949957
Epoch2                              0.000000                        1,163.949957
Epoch3                              0.000000                        1,163.949957
Epoch4                              0.000000                        1,163.949957
Epoch5                              0.000000                        1,163.949957
Epoch6                              0.000000                        1,163.949957
Epoch7                              0.000000                        1,163.949957
Epoch8                              0.000000                        1,163.949957
Epoch9                              0.000000                        1,163.949957
Epoch10                             0.110794                        1,164.060752
Epoch11                             0.000000                        1,164.060752
Epoch12                             0.000000                        1,164.060752
Epoch13                             0.000000                        1,164.060752
Epoch14                             0.000000                        1,164.060752
Epoch15                             0.000000                        1,164.060752
Epoch16                             0.000000                        1,164.060752
Epoch17                             0.000000                        1,164.060752
Epoch18                             0.000000                        1,164.060752
Epoch19                             0.000000                        1,164.060752
Epoch20                             0.000000                        1,164.060752
Epoch21                             0.000000                        1,164.060752
Epoch22                             0.000000                        1,164.060752
Epoch23                             0.000000                        1,164.060752
Epoch24                             0.000000                        1,164.060752
Epoch25                             0.000000                        1,164.060752
Epoch26                             0.000000                        1,164.060752
Epoch27                             0.000000                        1,164.060752
Epoch28                             0.000000                        1,164.060752
Epoch29                             0.000000                        1,164.060752
Epoch30                             0.000000                        1,164.060752
