Epoch#                               Rewards                   Total(Cumulative)
Epoch0                          1,163.903484                        1,163.903484
Epoch1                              0.136414                        1,164.039898
Epoch2                              0.000000                        1,164.039898
Epoch3                              0.000000                        1,164.039898
Epoch4                              0.000000                        1,164.039898
Epoch5                              0.000000                        1,164.039898
Epoch6                              0.000000                        1,164.039898
Epoch7                              0.000000                        1,164.039898
Epoch8                              0.000000                        1,164.039898
Epoch9                              0.000000                        1,164.039898
Epoch10                             0.000000                        1,164.039898
Epoch11                             0.000000                        1,164.039898
Epoch12                             0.000000                        1,164.039898
Epoch13                             0.000000                        1,164.039898
Epoch14                             0.000000                        1,164.039898
