Epoch#                               Rewards                   Total(Cumulative)
Epoch0                          6,415.091148                        6,415.091148
Epoch1                              3.858013                        6,418.949161
Epoch2                              0.000000                        6,418.949161
Epoch3                              1.589452                        6,420.538613
Epoch4                              0.549523                        6,421.088136
Epoch5                              0.523849                        6,421.611985
Epoch6                              0.000000                        6,421.611985
Epoch7                              0.000000                        6,421.611985
Epoch8                              0.000000                        6,421.611985
Epoch9                              0.155812                        6,421.767797
Epoch10                             0.060098                        6,421.827895
Epoch11                             0.000000                        6,421.827895
Epoch12                             0.000000                        6,421.827895
Epoch13                             0.000000                        6,421.827895
Epoch14                             0.000000                        6,421.827895
Epoch15                             0.000000                        6,421.827895
