Epoch#                               Rewards                   Total(Cumulative)
Epoch0                          1,168.547588                        1,168.547588
Epoch1                              0.160682                        1,168.708270
Epoch2                              0.000000                        1,168.708270
Epoch3                              0.000000                        1,168.708270
Epoch4                              0.000000                        1,168.708270
Epoch5                              0.000000                        1,168.708270
Epoch6                              0.000000                        1,168.708270
Epoch7                              0.000000                        1,168.708270
Epoch8                              0.000000                        1,168.708270
Epoch9                              0.000000                        1,168.708270
Epoch10                             0.000000                        1,168.708270
Epoch11                             0.000000                        1,168.708270
Epoch12                             0.000000                        1,168.708270
Epoch13                             0.000000                        1,168.708270
Epoch14                             0.000000                        1,168.708270
