Epoch#                               Rewards                   Total(Cumulative)
Epoch0                            929.616659                          929.616659
Epoch1                            263.578887                        1,193.195546
Epoch2                             35.939092                        1,229.134637
Epoch3                             39.614821                        1,268.749458
Epoch4                             33.776251                        1,302.525709
Epoch5                            118.579207                        1,421.104915
Epoch6                             62.426515                        1,483.531430
Epoch7                             19.452686                        1,502.984116
Epoch8                            102.830361                        1,605.814477
Epoch9                            114.374573                        1,720.189050
Epoch10                            48.754104                        1,768.943154
Epoch11                             6.175781                        1,775.118935
Epoch12                           217.060616                        1,992.179551
Epoch13                            98.670130                        2,090.849681
Epoch14                            18.266659                        2,109.116340
Epoch15                            85.201261                        2,194.317601
