Epoch#                               Rewards                   Total(Cumulative)
Epoch0                          1,597.265738                        1,597.265738
Epoch1                              2.760115                        1,600.025854
Epoch2                              0.000000                        1,600.025854
Epoch3                              0.000000                        1,600.025854
Epoch4                              0.000000                        1,600.025854
Epoch5                              0.000000                        1,600.025854
Epoch6                              0.000000                        1,600.025854
Epoch7                              0.000000                        1,600.025854
Epoch8                              0.000000                        1,600.025854
Epoch9                              0.000000                        1,600.025854
Epoch10                             0.000000                        1,600.025854
Epoch11                             0.000000                        1,600.025854
Epoch12                             0.000000                        1,600.025854
Epoch13                             0.000000                        1,600.025854
Epoch14                             0.000000                        1,600.025854
Epoch15                             0.000000                        1,600.025854
Epoch16                             0.000000                        1,600.025854
Epoch17                             0.000000                        1,600.025854
