Epoch#                               Rewards                   Total(Cumulative)
Epoch0                          1,163.929705                        1,163.929705
Epoch1                            222.457507                        1,386.387212
Epoch2                            108.305180                        1,494.692392
Epoch3                             36.185418                        1,530.877810
Epoch4                             83.377315                        1,614.255125
Epoch5                              0.000000                        1,614.255125
Epoch6                              0.000000                        1,614.255125
Epoch7                              0.000000                        1,614.255125
Epoch8                              0.000000                        1,614.255125
Epoch9                              0.000000                        1,614.255125
Epoch10                             0.000000                        1,614.255125
Epoch11                           305.335309                        1,919.590434
Epoch12                           122.447541                        2,042.037975
Epoch13                            15.144995                        2,057.182970
Epoch14                             0.000000                        2,057.182970
Epoch15                             0.000000                        2,057.182970
Epoch16                             0.000000                        2,057.182970
Epoch17                             0.000000                        2,057.182970
Epoch18                             0.000000                        2,057.182970
Epoch19                             0.000000                        2,057.182970
Epoch20                             0.000000                        2,057.182970
Epoch21                             0.000000                        2,057.182970
Epoch22                             0.000000                        2,057.182970
Epoch23                             0.000000                        2,057.182970
Epoch24                             0.000000                        2,057.182970
Epoch25                             0.000000                        2,057.182970
Epoch26                             0.000000                        2,057.182970
Epoch27                             0.000000                        2,057.182970
Epoch28                             0.000000                        2,057.182970
Epoch29                             0.000000                        2,057.182970
