Epoch#                               Rewards                   Total(Cumulative)
Epoch0                          1,164.270738                        1,164.270738
Epoch1                              0.000000                        1,164.270738
Epoch2                              0.000000                        1,164.270738
Epoch3                              0.000000                        1,164.270738
Epoch4                              0.000000                        1,164.270738
Epoch5                              0.000000                        1,164.270738
Epoch6                              0.000000                        1,164.270738
Epoch7                              0.000000                        1,164.270738
Epoch8                              0.000000                        1,164.270738
Epoch9                              0.000000                        1,164.270738
Epoch10                             0.000000                        1,164.270738
Epoch11                             0.000000                        1,164.270738
Epoch12                             0.000000                        1,164.270738
Epoch13                             0.000000                        1,164.270738
Epoch14                             0.000000                        1,164.270738
Epoch15                             0.000000                        1,164.270738
Epoch16                             0.000000                        1,164.270738
Epoch17                             0.000000                        1,164.270738
Epoch18                             0.000000                        1,164.270738
Epoch19                             0.000000                        1,164.270738
Epoch20                             0.000000                        1,164.270738
Epoch21                             0.000000                        1,164.270738
Epoch22                             0.000000                        1,164.270738
Epoch23                             0.000000                        1,164.270738
Epoch24                             0.000000                        1,164.270738
Epoch25                             0.000000                        1,164.270738
Epoch26                             0.000000                        1,164.270738
Epoch27                             0.000000                        1,164.270738
Epoch28                             0.000000                        1,164.270738
Epoch29                             0.000000                        1,164.270738
Epoch30                             0.000000                        1,164.270738
