Epoch#                               Rewards                   Total(Cumulative)
Epoch0                          4,351.483367                        4,351.483367
Epoch1                              0.000000                        4,351.483367
Epoch2                              0.000000                        4,351.483367
Epoch3                              0.000000                        4,351.483367
Epoch4                              0.000000                        4,351.483367
Epoch5                              0.000000                        4,351.483367
Epoch6                              0.000000                        4,351.483367
Epoch7                              0.000000                        4,351.483367
Epoch8                              0.000000                        4,351.483367
Epoch9                              0.000000                        4,351.483367
Epoch10                             0.000000                        4,351.483367
Epoch11                             0.000000                        4,351.483367
Epoch12                             0.000000                        4,351.483367
Epoch13                             0.000000                        4,351.483367
Epoch14                             0.000000                        4,351.483367
Epoch15                             0.000000                        4,351.483367
Epoch16                             0.000000                        4,351.483367
Epoch17                             0.000000                        4,351.483367
