Epoch#                               Rewards                   Total(Cumulative)
Epoch0                          4,357.296892                        4,357.296892
Epoch1                              0.499914                        4,357.796805
Epoch2                              0.000000                        4,357.796805
Epoch3                              0.000000                        4,357.796805
Epoch4                              0.002871                        4,357.799677
Epoch5                              0.000000                        4,357.799677
Epoch6                              0.000000                        4,357.799677
Epoch7                              0.000000                        4,357.799677
Epoch8                              0.000000                        4,357.799677
Epoch9                              0.000000                        4,357.799677
Epoch10                             0.000000                        4,357.799677
Epoch11                             0.000000                        4,357.799677
Epoch12                             0.000000                        4,357.799677
Epoch13                             0.000000                        4,357.799677
Epoch14                             0.000000                        4,357.799677
Epoch15                             0.000000                        4,357.799677
