Epoch#                               Rewards                   Total(Cumulative)
Epoch0                          4,363.600371                        4,363.600371
Epoch1                              0.921326                        4,364.521697
Epoch2                              0.000000                        4,364.521697
Epoch3                              0.000000                        4,364.521697
Epoch4                              0.000000                        4,364.521697
Epoch5                              0.000000                        4,364.521697
Epoch6                              0.000000                        4,364.521697
Epoch7                              0.000000                        4,364.521697
Epoch8                              0.000000                        4,364.521697
Epoch9                              0.000000                        4,364.521697
Epoch10                             0.000000                        4,364.521697
Epoch11                             0.000000                        4,364.521697
Epoch12                             0.000000                        4,364.521697
Epoch13                             0.000000                        4,364.521697
Epoch14                             0.000000                        4,364.521697
Epoch15                             0.000000                        4,364.521697
Epoch16                             0.000000                        4,364.521697
Epoch17                             0.000000                        4,364.521697
