Epoch#                               Rewards                   Total(Cumulative)
Epoch0                          1,171.611275                        1,171.611275
Epoch1                              0.000000                        1,171.611275
Epoch2                              0.000000                        1,171.611275
Epoch3                              0.000000                        1,171.611275
Epoch4                              0.000000                        1,171.611275
Epoch5                              0.000000                        1,171.611275
Epoch6                              0.000000                        1,171.611275
Epoch7                              0.000000                        1,171.611275
Epoch8                              0.000000                        1,171.611275
Epoch9                              0.000000                        1,171.611275
Epoch10                             0.000000                        1,171.611275
Epoch11                             0.000000                        1,171.611275
Epoch12                             0.000000                        1,171.611275
Epoch13                             0.000000                        1,171.611275
Epoch14                             0.000000                        1,171.611275
Epoch15                             0.000000                        1,171.611275
