Epoch#                               Rewards                   Total(Cumulative)
Epoch0                          1,163.661802                        1,163.661802
Epoch1                              0.000000                        1,163.661802
Epoch2                              0.000000                        1,163.661802
Epoch3                              0.000000                        1,163.661802
Epoch4                              0.000000                        1,163.661802
Epoch5                              0.000000                        1,163.661802
Epoch6                              0.000000                        1,163.661802
Epoch7                              0.000000                        1,163.661802
Epoch8                              0.000000                        1,163.661802
Epoch9                              0.000000                        1,163.661802
Epoch10                             0.000000                        1,163.661802
Epoch11                             0.000000                        1,163.661802
Epoch12                             0.000000                        1,163.661802
Epoch13                             0.000000                        1,163.661802
Epoch14                             0.000000                        1,163.661802
Epoch15                             0.000000                        1,163.661802
Epoch16                             0.000000                        1,163.661802
