Epoch#                               Rewards                   Total(Cumulative)
Epoch0                          1,164.441142                        1,164.441142
Epoch1                              0.000000                        1,164.441142
Epoch2                              0.000000                        1,164.441142
Epoch3                              0.000000                        1,164.441142
Epoch4                              0.000000                        1,164.441142
Epoch5                              0.000000                        1,164.441142
Epoch6                              0.000000                        1,164.441142
Epoch7                              0.000000                        1,164.441142
Epoch8                              0.000000                        1,164.441142
Epoch9                              0.000000                        1,164.441142
Epoch10                             0.000000                        1,164.441142
Epoch11                             0.000000                        1,164.441142
Epoch12                             0.000000                        1,164.441142
Epoch13                             0.000000                        1,164.441142
Epoch14                             0.000000                        1,164.441142
Epoch15                             0.000000                        1,164.441142
Epoch16                             0.000000                        1,164.441142
Epoch17                             0.000000                        1,164.441142
Epoch18                             0.000000                        1,164.441142
Epoch19                             0.000000                        1,164.441142
Epoch20                             0.000000                        1,164.441142
Epoch21                             0.000000                        1,164.441142
Epoch22                             0.000000                        1,164.441142
Epoch23                             0.000000                        1,164.441142
Epoch24                             0.000000                        1,164.441142
Epoch25                             0.000000                        1,164.441142
Epoch26                             0.000000                        1,164.441142
Epoch27                             0.000000                        1,164.441142
Epoch28                             0.000000                        1,164.441142
Epoch29                             0.000000                        1,164.441142
