Epoch#                               Rewards                   Total(Cumulative)
Epoch0                          1,163.510000                        1,163.510000
Epoch1                              0.042682                        1,163.552682
Epoch2                              0.000000                        1,163.552682
Epoch3                              0.000000                        1,163.552682
Epoch4                              0.000000                        1,163.552682
Epoch5                              0.000000                        1,163.552682
Epoch6                              0.000000                        1,163.552682
Epoch7                              0.000000                        1,163.552682
Epoch8                              0.000000                        1,163.552682
Epoch9                              0.000000                        1,163.552682
Epoch10                             0.000000                        1,163.552682
Epoch11                             0.000000                        1,163.552682
Epoch12                             0.000000                        1,163.552682
Epoch13                             0.000000                        1,163.552682
Epoch14                             0.000000                        1,163.552682
Epoch15                             0.000000                        1,163.552682
