Epoch#                               Rewards                   Total(Cumulative)
Epoch0                            727.825155                          727.825155
Epoch1                          1,493.713215                        2,221.538371
Epoch2                              7.713210                        2,229.251581
Epoch3                             28.833335                        2,258.084916
Epoch4                              0.000000                        2,258.084916
Epoch5                              0.000000                        2,258.084916
Epoch6                              0.000000                        2,258.084916
Epoch7                              0.000000                        2,258.084916
Epoch8                              0.000000                        2,258.084916
Epoch9                              0.000000                        2,258.084916
Epoch10                             0.000000                        2,258.084916
Epoch11                             0.000000                        2,258.084916
Epoch12                             0.000000                        2,258.084916
Epoch13                             0.000000                        2,258.084916
Epoch14                             0.000000                        2,258.084916
Epoch15                             0.000000                        2,258.084916
