Epoch#                               Rewards                   Total(Cumulative)
Epoch0                          3,588.778140                        3,588.778140
Epoch1                          1,895.154900                        5,483.933040
Epoch2                            273.408022                        5,757.341062
Epoch3                            281.407184                        6,038.748246
Epoch4                              0.000000                        6,038.748246
Epoch5                              0.000000                        6,038.748246
Epoch6                              0.000000                        6,038.748246
Epoch7                              0.000000                        6,038.748246
Epoch8                              0.000000                        6,038.748246
Epoch9                              0.000000                        6,038.748246
Epoch10                             0.000000                        6,038.748246
Epoch11                             0.000000                        6,038.748246
Epoch12                             0.000000                        6,038.748246
Epoch13                             0.000000                        6,038.748246
Epoch14                             0.000000                        6,038.748246
Epoch15                             0.000000                        6,038.748246
Epoch16                             0.000000                        6,038.748246
Epoch17                             0.000000                        6,038.748246
Epoch18                             0.000000                        6,038.748246
Epoch19                             0.000000                        6,038.748246
Epoch20                             0.000000                        6,038.748246
Epoch21                             0.000000                        6,038.748246
Epoch22                             0.000000                        6,038.748246
Epoch23                             0.000000                        6,038.748246
Epoch24                             0.000000                        6,038.748246
Epoch25                             0.000000                        6,038.748246
Epoch26                             0.000000                        6,038.748246
Epoch27                             0.000000                        6,038.748246
Epoch28                             0.000000                        6,038.748246
