Epoch#                               Rewards                   Total(Cumulative)
Epoch0                          4,354.647780                        4,354.647780
Epoch1                            402.219148                        4,756.866928
Epoch2                             56.055483                        4,812.922412
Epoch3                            104.689534                        4,917.611946
Epoch4                             41.264821                        4,958.876767
Epoch5                              0.676483                        4,959.553250
Epoch6                              0.911808                        4,960.465058
Epoch7                              0.000000                        4,960.465058
Epoch8                              0.016600                        4,960.481657
Epoch9                              0.000000                        4,960.481657
Epoch10                             0.000000                        4,960.481657
Epoch11                             0.000000                        4,960.481657
Epoch12                             0.000000                        4,960.481657
Epoch13                             0.000000                        4,960.481657
Epoch14                             0.000000                        4,960.481657
Epoch15                             0.000000                        4,960.481657
Epoch16                             0.000000                        4,960.481657
Epoch17                             0.000000                        4,960.481657
Epoch18                             0.000000                        4,960.481657
Epoch19                             0.000000                        4,960.481657
Epoch20                             0.000000                        4,960.481657
Epoch21                             0.000000                        4,960.481657
Epoch22                             0.000000                        4,960.481657
Epoch23                             0.000000                        4,960.481657
Epoch24                             0.000000                        4,960.481657
Epoch25                             0.000000                        4,960.481657
Epoch26                             0.000000                        4,960.481657
Epoch27                             0.000000                        4,960.481657
Epoch28                             0.000000                        4,960.481657
Epoch29                             0.000000                        4,960.481657
Epoch30                             0.000000                        4,960.481657
