Epoch#                               Rewards                   Total(Cumulative)
Epoch0                          4,349.683091                        4,349.683091
Epoch1                              0.000000                        4,349.683091
Epoch2                              0.000000                        4,349.683091
Epoch3                              0.000000                        4,349.683091
Epoch4                              0.000000                        4,349.683091
Epoch5                              0.000000                        4,349.683091
Epoch6                              0.000000                        4,349.683091
Epoch7                              0.000000                        4,349.683091
Epoch8                              0.000000                        4,349.683091
Epoch9                              0.000000                        4,349.683091
Epoch10                             0.000000                        4,349.683091
Epoch11                             0.000000                        4,349.683091
Epoch12                             0.000000                        4,349.683091
Epoch13                             0.000000                        4,349.683091
Epoch14                             0.000000                        4,349.683091
Epoch15                             0.000000                        4,349.683091
Epoch16                             0.000000                        4,349.683091
Epoch17                             0.000000                        4,349.683091
Epoch18                             0.000000                        4,349.683091
Epoch19                             0.000000                        4,349.683091
Epoch20                             0.000000                        4,349.683091
Epoch21                             0.000000                        4,349.683091
Epoch22                             0.000000                        4,349.683091
Epoch23                             0.000000                        4,349.683091
Epoch24                             0.000000                        4,349.683091
Epoch25                             0.000000                        4,349.683091
Epoch26                             0.000000                        4,349.683091
Epoch27                             0.000000                        4,349.683091
Epoch28                             0.000000                        4,349.683091
