Epoch#                               Rewards                   Total(Cumulative)
Epoch0                          1,163.575075                        1,163.575075
Epoch1                              0.000000                        1,163.575075
Epoch2                              0.000000                        1,163.575075
Epoch3                              0.000000                        1,163.575075
Epoch4                              0.000000                        1,163.575075
Epoch5                              0.000000                        1,163.575075
Epoch6                              0.000000                        1,163.575075
Epoch7                              0.000000                        1,163.575075
Epoch8                              0.000000                        1,163.575075
Epoch9                              0.000000                        1,163.575075
Epoch10                             0.000000                        1,163.575075
Epoch11                             0.000000                        1,163.575075
Epoch12                             0.000000                        1,163.575075
Epoch13                             0.000000                        1,163.575075
Epoch14                             0.000000                        1,163.575075
Epoch15                             0.000000                        1,163.575075
