Epoch#                               Rewards                   Total(Cumulative)
Epoch0                          1,166.622538                        1,166.622538
Epoch1                              0.000000                        1,166.622538
Epoch2                              0.000000                        1,166.622538
Epoch3                              0.000000                        1,166.622538
Epoch4                              0.000000                        1,166.622538
Epoch5                              0.000000                        1,166.622538
Epoch6                              0.000000                        1,166.622538
Epoch7                              0.000000                        1,166.622538
Epoch8                              0.000000                        1,166.622538
Epoch9                              0.000000                        1,166.622538
Epoch10                             0.000000                        1,166.622538
Epoch11                             0.000000                        1,166.622538
Epoch12                             0.000000                        1,166.622538
Epoch13                             0.000000                        1,166.622538
Epoch14                             0.000000                        1,166.622538
Epoch15                             0.000000                        1,166.622538
Epoch16                             0.000000                        1,166.622538
Epoch17                             0.000000                        1,166.622538
Epoch18                             0.000000                        1,166.622538
Epoch19                             0.000000                        1,166.622538
Epoch20                             0.000000                        1,166.622538
Epoch21                             0.000000                        1,166.622538
Epoch22                             0.000000                        1,166.622538
Epoch23                             0.000000                        1,166.622538
Epoch24                             0.000000                        1,166.622538
Epoch25                             0.000000                        1,166.622538
Epoch26                             0.000000                        1,166.622538
Epoch27                             0.000000                        1,166.622538
Epoch28                             0.000000                        1,166.622538
Epoch29                             0.000000                        1,166.622538
Epoch30                             0.000000                        1,166.622538
