Epoch#                               Rewards                   Total(Cumulative)
Epoch0                          4,349.640110                        4,349.640110
Epoch1                              0.000000                        4,349.640110
Epoch2                              0.000000                        4,349.640110
Epoch3                              0.000000                        4,349.640110
Epoch4                              0.000000                        4,349.640110
Epoch5                              0.000000                        4,349.640110
Epoch6                              0.000000                        4,349.640110
Epoch7                              0.000000                        4,349.640110
Epoch8                              0.000000                        4,349.640110
Epoch9                              0.000000                        4,349.640110
Epoch10                             0.000000                        4,349.640110
Epoch11                             0.000000                        4,349.640110
Epoch12                             0.000000                        4,349.640110
Epoch13                             0.000000                        4,349.640110
Epoch14                             0.000000                        4,349.640110
Epoch15                             0.000000                        4,349.640110
Epoch16                             0.000000                        4,349.640110
Epoch17                             0.000000                        4,349.640110
Epoch18                             0.000000                        4,349.640110
Epoch19                             0.000000                        4,349.640110
Epoch20                             0.000000                        4,349.640110
Epoch21                             0.000000                        4,349.640110
Epoch22                             0.000000                        4,349.640110
Epoch23                             0.000000                        4,349.640110
Epoch24                             0.000000                        4,349.640110
Epoch25                             0.000000                        4,349.640110
Epoch26                             0.000000                        4,349.640110
Epoch27                             0.000000                        4,349.640110
Epoch28                             0.000000                        4,349.640110
Epoch29                             0.000000                        4,349.640110
Epoch30                             0.000000                        4,349.640110
