Epoch#                               Rewards                   Total(Cumulative)
Epoch0                          1,164.748024                        1,164.748024
Epoch1                              0.279929                        1,165.027953
Epoch2                              0.100029                        1,165.127982
Epoch3                              0.073429                        1,165.201410
Epoch4                              0.000000                        1,165.201410
Epoch5                              0.000000                        1,165.201410
Epoch6                              0.000000                        1,165.201410
Epoch7                              0.000000                        1,165.201410
Epoch8                              0.000000                        1,165.201410
Epoch9                              0.000000                        1,165.201410
Epoch10                             0.000000                        1,165.201410
Epoch11                             0.000000                        1,165.201410
Epoch12                             0.000000                        1,165.201410
Epoch13                             0.000000                        1,165.201410
Epoch14                             0.000000                        1,165.201410
Epoch15                             0.000000                        1,165.201410
Epoch16                             0.000000                        1,165.201410
