Epoch#                               Rewards                   Total(Cumulative)
Epoch0                          1,163.578187                        1,163.578187
Epoch1                              0.000000                        1,163.578187
Epoch2                              0.000000                        1,163.578187
Epoch3                              0.000000                        1,163.578187
Epoch4                              0.000000                        1,163.578187
Epoch5                              0.000000                        1,163.578187
Epoch6                              0.000000                        1,163.578187
Epoch7                              0.000000                        1,163.578187
Epoch8                              0.000000                        1,163.578187
Epoch9                              0.000000                        1,163.578187
Epoch10                             0.000000                        1,163.578187
Epoch11                             0.000000                        1,163.578187
Epoch12                             0.000000                        1,163.578187
Epoch13                             0.000000                        1,163.578187
Epoch14                             0.000000                        1,163.578187
Epoch15                             0.000000                        1,163.578187
Epoch16                             0.000000                        1,163.578187
Epoch17                             0.000000                        1,163.578187
Epoch18                             0.000000                        1,163.578187
Epoch19                             0.000000                        1,163.578187
Epoch20                             0.000000                        1,163.578187
Epoch21                             0.000000                        1,163.578187
Epoch22                             0.000000                        1,163.578187
Epoch23                             0.000000                        1,163.578187
Epoch24                             0.000000                        1,163.578187
Epoch25                             0.000000                        1,163.578187
Epoch26                             0.000000                        1,163.578187
Epoch27                             0.000000                        1,163.578187
Epoch28                             0.000000                        1,163.578187
Epoch29                             0.000000                        1,163.578187
