Epoch#                               Rewards                   Total(Cumulative)
Epoch0                          1,187.934307                        1,187.934307
Epoch1                            533.464635                        1,721.398942
Epoch2                             69.308922                        1,790.707864
Epoch3                             18.048580                        1,808.756444
Epoch4                              3.720854                        1,812.477298
Epoch5                              0.000000                        1,812.477298
Epoch6                              0.000000                        1,812.477298
Epoch7                              0.000000                        1,812.477298
Epoch8                              0.000000                        1,812.477298
Epoch9                              0.000000                        1,812.477298
Epoch10                             0.000000                        1,812.477298
Epoch11                             0.000000                        1,812.477298
Epoch12                             0.000000                        1,812.477298
Epoch13                             0.000000                        1,812.477298
Epoch14                             0.000000                        1,812.477298
Epoch15                             0.000000                        1,812.477298
Epoch16                             0.000000                        1,812.477298
Epoch17                             0.000000                        1,812.477298
Epoch18                             0.000000                        1,812.477298
Epoch19                             0.000000                        1,812.477298
Epoch20                             0.000000                        1,812.477298
Epoch21                             0.000000                        1,812.477298
Epoch22                             0.000000                        1,812.477298
Epoch23                             0.000000                        1,812.477298
Epoch24                             0.000000                        1,812.477298
Epoch25                             0.000000                        1,812.477298
Epoch26                             0.000000                        1,812.477298
Epoch27                             0.000000                        1,812.477298
