Epoch#                               Rewards                   Total(Cumulative)
Epoch0                          1,164.949549                        1,164.949549
Epoch1                              0.000000                        1,164.949549
Epoch2                              0.000000                        1,164.949549
Epoch3                              0.000000                        1,164.949549
Epoch4                              0.000000                        1,164.949549
Epoch5                              0.000000                        1,164.949549
Epoch6                              0.000000                        1,164.949549
Epoch7                              0.000000                        1,164.949549
Epoch8                              0.000000                        1,164.949549
Epoch9                              0.000000                        1,164.949549
Epoch10                             0.000000                        1,164.949549
Epoch11                             0.000000                        1,164.949549
Epoch12                             0.000000                        1,164.949549
Epoch13                             0.000000                        1,164.949549
Epoch14                             0.000000                        1,164.949549
