Epoch#                               Rewards                   Total(Cumulative)
Epoch0                          1,164.150644                        1,164.150644
Epoch1                              0.348153                        1,164.498797
Epoch2                              0.061074                        1,164.559871
Epoch3                              0.000000                        1,164.559871
Epoch4                              0.000000                        1,164.559871
Epoch5                              0.000000                        1,164.559871
Epoch6                              0.000000                        1,164.559871
Epoch7                              0.000000                        1,164.559871
Epoch8                              0.000000                        1,164.559871
Epoch9                              0.000000                        1,164.559871
Epoch10                             0.000000                        1,164.559871
Epoch11                             0.000000                        1,164.559871
Epoch12                             0.000000                        1,164.559871
Epoch13                             0.000000                        1,164.559871
Epoch14                             0.000000                        1,164.559871
