Epoch#                               Rewards                   Total(Cumulative)
Epoch0                          4,351.424026                        4,351.424026
Epoch1                              0.000000                        4,351.424026
Epoch2                              0.000000                        4,351.424026
Epoch3                              0.000000                        4,351.424026
Epoch4                              0.000000                        4,351.424026
Epoch5                              0.000000                        4,351.424026
Epoch6                              0.000000                        4,351.424026
Epoch7                              0.000000                        4,351.424026
Epoch8                              0.000000                        4,351.424026
Epoch9                              0.000000                        4,351.424026
Epoch10                             0.000000                        4,351.424026
Epoch11                             0.000000                        4,351.424026
Epoch12                             0.000000                        4,351.424026
Epoch13                             0.000000                        4,351.424026
Epoch14                             0.000000                        4,351.424026
Epoch15                             0.000000                        4,351.424026
