Epoch#                               Rewards                   Total(Cumulative)
Epoch0                          1,166.853622                        1,166.853622
Epoch1                              0.000000                        1,166.853622
Epoch2                              0.000000                        1,166.853622
Epoch3                              0.000000                        1,166.853622
Epoch4                              0.000000                        1,166.853622
Epoch5                              0.000000                        1,166.853622
Epoch6                              0.000000                        1,166.853622
Epoch7                              0.000000                        1,166.853622
Epoch8                              0.000000                        1,166.853622
Epoch9                              0.000000                        1,166.853622
Epoch10                             0.000000                        1,166.853622
Epoch11                             0.000000                        1,166.853622
Epoch12                             0.000000                        1,166.853622
Epoch13                             0.000000                        1,166.853622
Epoch14                             0.000000                        1,166.853622
Epoch15                             0.000000                        1,166.853622
Epoch16                             0.000000                        1,166.853622
