Epoch#                               Rewards                   Total(Cumulative)
Epoch0                          1,164.485173                        1,164.485173
Epoch1                              0.000000                        1,164.485173
Epoch2                              0.000000                        1,164.485173
Epoch3                              0.000000                        1,164.485173
Epoch4                              0.000000                        1,164.485173
Epoch5                              0.000000                        1,164.485173
Epoch6                              0.000000                        1,164.485173
Epoch7                              0.000000                        1,164.485173
Epoch8                              0.000000                        1,164.485173
Epoch9                              0.000000                        1,164.485173
Epoch10                             0.000000                        1,164.485173
Epoch11                             0.000000                        1,164.485173
Epoch12                             0.000000                        1,164.485173
Epoch13                             0.000000                        1,164.485173
Epoch14                             0.000000                        1,164.485173
Epoch15                             0.000000                        1,164.485173
