Epoch#                               Rewards                   Total(Cumulative)
Epoch0                          4,773.468622                        4,773.468622
Epoch1                              0.000000                        4,773.468622
Epoch2                              1.374201                        4,774.842823
Epoch3                             46.622909                        4,821.465732
Epoch4                              0.000000                        4,821.465732
Epoch5                              0.000000                        4,821.465732
Epoch6                              0.000000                        4,821.465732
Epoch7                              0.000000                        4,821.465732
Epoch8                              0.000000                        4,821.465732
Epoch9                              0.000000                        4,821.465732
Epoch10                             0.000000                        4,821.465732
Epoch11                             0.000000                        4,821.465732
Epoch12                             0.000000                        4,821.465732
Epoch13                             0.000000                        4,821.465732
Epoch14                             0.000000                        4,821.465732
Epoch15                             0.000000                        4,821.465732
Epoch16                             0.000000                        4,821.465732
Epoch17                             0.000000                        4,821.465732
Epoch18                             0.000000                        4,821.465732
Epoch19                             0.000000                        4,821.465732
Epoch20                             0.000000                        4,821.465732
Epoch21                             0.000000                        4,821.465732
Epoch22                             0.000000                        4,821.465732
Epoch23                             0.000000                        4,821.465732
Epoch24                             0.000000                        4,821.465732
Epoch25                             0.000000                        4,821.465732
Epoch26                             0.000000                        4,821.465732
Epoch27                             0.000000                        4,821.465732
