Epoch#                               Rewards                   Total(Cumulative)
Epoch0                          1,173.147829                        1,173.147829
Epoch1                              0.000000                        1,173.147829
Epoch2                              0.000000                        1,173.147829
Epoch3                              0.000000                        1,173.147829
Epoch4                              0.000000                        1,173.147829
Epoch5                              0.000000                        1,173.147829
Epoch6                              0.000000                        1,173.147829
Epoch7                              0.000000                        1,173.147829
Epoch8                              0.000000                        1,173.147829
Epoch9                              0.000000                        1,173.147829
Epoch10                             0.000000                        1,173.147829
Epoch11                             0.000000                        1,173.147829
Epoch12                             0.000000                        1,173.147829
Epoch13                             0.000000                        1,173.147829
Epoch14                             0.000000                        1,173.147829
