Epoch#                               Rewards                   Total(Cumulative)
Epoch0                          1,163.510000                        1,163.510000
Epoch1                              0.214883                        1,163.724883
Epoch2                              0.000000                        1,163.724883
Epoch3                              0.000000                        1,163.724883
Epoch4                              0.000000                        1,163.724883
Epoch5                              0.000000                        1,163.724883
Epoch6                              0.000000                        1,163.724883
Epoch7                              0.000000                        1,163.724883
Epoch8                              0.000000                        1,163.724883
Epoch9                              0.000000                        1,163.724883
Epoch10                             0.047531                        1,163.772414
Epoch11                             0.000000                        1,163.772414
Epoch12                             0.021924                        1,163.794338
Epoch13                             0.000000                        1,163.794338
Epoch14                             0.000000                        1,163.794338
Epoch15                             0.000000                        1,163.794338
Epoch16                             0.000000                        1,163.794338
Epoch17                             0.000000                        1,163.794338
Epoch18                             0.000000                        1,163.794338
Epoch19                             0.000000                        1,163.794338
Epoch20                             0.000000                        1,163.794338
Epoch21                             0.000000                        1,163.794338
Epoch22                             0.000000                        1,163.794338
Epoch23                             0.000000                        1,163.794338
Epoch24                             0.000000                        1,163.794338
Epoch25                             0.000000                        1,163.794338
Epoch26                             0.000000                        1,163.794338
Epoch27                             0.000000                        1,163.794338
Epoch28                             0.000000                        1,163.794338
