Epoch#                               Rewards                   Total(Cumulative)
Epoch0                          1,163.878741                        1,163.878741
Epoch1                              0.166462                        1,164.045203
Epoch2                              0.000000                        1,164.045203
Epoch3                              0.000000                        1,164.045203
Epoch4                              0.000000                        1,164.045203
Epoch5                              0.000000                        1,164.045203
Epoch6                              0.000000                        1,164.045203
Epoch7                              0.000000                        1,164.045203
Epoch8                              1.596759                        1,165.641962
Epoch9                              2.989974                        1,168.631935
Epoch10                             0.061327                        1,168.693262
Epoch11                             0.000000                        1,168.693262
Epoch12                             0.028282                        1,168.721544
Epoch13                             0.000000                        1,168.721544
Epoch14                             0.000000                        1,168.721544
Epoch15                             0.000000                        1,168.721544
