Epoch#                               Rewards                   Total(Cumulative)
Epoch0                          1,164.564600                        1,164.564600
Epoch1                              0.000000                        1,164.564600
Epoch2                              0.019515                        1,164.584115
Epoch3                              0.000000                        1,164.584115
Epoch4                              0.000000                        1,164.584115
Epoch5                              0.000000                        1,164.584115
Epoch6                              0.000000                        1,164.584115
Epoch7                              0.000000                        1,164.584115
Epoch8                              0.000000                        1,164.584115
Epoch9                              0.000000                        1,164.584115
Epoch10                             0.000000                        1,164.584115
Epoch11                             0.000000                        1,164.584115
Epoch12                             0.000000                        1,164.584115
Epoch13                             0.000000                        1,164.584115
Epoch14                             0.000000                        1,164.584115
