Epoch#                               Rewards                   Total(Cumulative)
Epoch0                          1,168.254542                        1,168.254542
Epoch1                              0.791693                        1,169.046234
Epoch2                              0.000000                        1,169.046234
Epoch3                              0.000000                        1,169.046234
Epoch4                              0.000000                        1,169.046234
Epoch5                              0.000000                        1,169.046234
Epoch6                              0.000000                        1,169.046234
Epoch7                              0.000000                        1,169.046234
Epoch8                              0.000000                        1,169.046234
Epoch9                              0.000000                        1,169.046234
Epoch10                             0.000000                        1,169.046234
Epoch11                             0.000000                        1,169.046234
Epoch12                             0.000000                        1,169.046234
Epoch13                             0.000000                        1,169.046234
Epoch14                             0.000000                        1,169.046234
Epoch15                             0.000000                        1,169.046234
Epoch16                             0.000000                        1,169.046234
Epoch17                             0.000000                        1,169.046234
