Epoch#                               Rewards                   Total(Cumulative)
Epoch0                              0.000000                            0.000000
Epoch1                          1,169.183196                        1,169.183196
Epoch2                              3.099950                        1,172.283147
Epoch3                              0.000000                        1,172.283147
Epoch4                              0.000000                        1,172.283147
Epoch5                              0.000000                        1,172.283147
Epoch6                              0.000000                        1,172.283147
Epoch7                              0.000000                        1,172.283147
Epoch8                              0.000000                        1,172.283147
Epoch9                              0.000000                        1,172.283147
Epoch10                             0.000000                        1,172.283147
Epoch11                             0.000000                        1,172.283147
Epoch12                             0.000000                        1,172.283147
Epoch13                             0.000000                        1,172.283147
Epoch14                             0.000000                        1,172.283147
