Epoch#                               Rewards                   Total(Cumulative)
Epoch0                          4,365.391219                        4,365.391219
Epoch1                              0.000000                        4,365.391219
Epoch2                             19.775498                        4,385.166717
Epoch3                              0.972114                        4,386.138831
Epoch4                              0.000000                        4,386.138831
Epoch5                              0.000000                        4,386.138831
Epoch6                              0.000000                        4,386.138831
Epoch7                              0.000000                        4,386.138831
Epoch8                              0.000000                        4,386.138831
Epoch9                              0.000000                        4,386.138831
Epoch10                             0.772198                        4,386.911029
Epoch11                             0.000000                        4,386.911029
Epoch12                             0.000000                        4,386.911029
Epoch13                             0.000000                        4,386.911029
Epoch14                             0.000000                        4,386.911029
Epoch15                             0.000000                        4,386.911029
Epoch16                             0.000000                        4,386.911029
Epoch17                             0.000000                        4,386.911029
Epoch18                             0.000000                        4,386.911029
Epoch19                             0.000000                        4,386.911029
Epoch20                             0.000000                        4,386.911029
Epoch21                             0.000000                        4,386.911029
Epoch22                             0.000000                        4,386.911029
Epoch23                             0.000000                        4,386.911029
Epoch24                             0.000000                        4,386.911029
Epoch25                             0.000000                        4,386.911029
Epoch26                             0.000000                        4,386.911029
Epoch27                             0.000000                        4,386.911029
Epoch28                             0.000000                        4,386.911029
Epoch29                             0.000000                        4,386.911029
Epoch30                             0.000000                        4,386.911029
