Epoch#                               Rewards                   Total(Cumulative)
Epoch0                          1,163.568605                        1,163.568605
Epoch1                              0.000000                        1,163.568605
Epoch2                              0.000000                        1,163.568605
Epoch3                              0.000000                        1,163.568605
Epoch4                              0.000000                        1,163.568605
Epoch5                              0.000000                        1,163.568605
Epoch6                              0.000000                        1,163.568605
Epoch7                              0.000000                        1,163.568605
Epoch8                              0.000000                        1,163.568605
Epoch9                              0.000000                        1,163.568605
Epoch10                             0.000000                        1,163.568605
Epoch11                             0.000000                        1,163.568605
Epoch12                             0.000000                        1,163.568605
Epoch13                             0.000000                        1,163.568605
Epoch14                             0.000000                        1,163.568605
Epoch15                             0.000000                        1,163.568605
