Epoch#                               Rewards                   Total(Cumulative)
Epoch0                          1,279.781781                        1,279.781781
Epoch1                             33.163255                        1,312.945036
Epoch2                             61.289575                        1,374.234611
Epoch3                             49.325711                        1,423.560322
Epoch4                             17.398291                        1,440.958613
Epoch5                              0.000000                        1,440.958613
Epoch6                              0.000000                        1,440.958613
Epoch7                              0.000000                        1,440.958613
Epoch8                              0.000000                        1,440.958613
Epoch9                              0.000000                        1,440.958613
Epoch10                             0.000000                        1,440.958613
Epoch11                             0.000000                        1,440.958613
Epoch12                             0.000000                        1,440.958613
Epoch13                             0.000000                        1,440.958613
Epoch14                             0.000000                        1,440.958613
Epoch15                             0.000000                        1,440.958613
Epoch16                             0.000000                        1,440.958613
Epoch17                             0.000000                        1,440.958613
Epoch18                             0.000000                        1,440.958613
Epoch19                             0.000000                        1,440.958613
Epoch20                             0.000000                        1,440.958613
Epoch21                             0.000000                        1,440.958613
Epoch22                             0.000000                        1,440.958613
Epoch23                             0.000000                        1,440.958613
Epoch24                             0.000000                        1,440.958613
Epoch25                             0.000000                        1,440.958613
Epoch26                             0.000000                        1,440.958613
Epoch27                             0.000000                        1,440.958613
Epoch28                             0.000000                        1,440.958613
Epoch29                             0.000000                        1,440.958613
Epoch30                             0.000000                        1,440.958613
Epoch31                             0.000000                        1,440.958613
