Epoch#                               Rewards                   Total(Cumulative)
Epoch0                          1,164.349454                        1,164.349454
Epoch1                              0.000000                        1,164.349454
Epoch2                              0.066834                        1,164.416288
Epoch3                              0.000000                        1,164.416288
Epoch4                              0.000000                        1,164.416288
Epoch5                              0.000000                        1,164.416288
Epoch6                              0.000000                        1,164.416288
Epoch7                              0.000000                        1,164.416288
Epoch8                              0.000000                        1,164.416288
Epoch9                              0.000000                        1,164.416288
Epoch10                             0.000000                        1,164.416288
Epoch11                             0.000000                        1,164.416288
Epoch12                             0.000000                        1,164.416288
Epoch13                             0.000000                        1,164.416288
Epoch14                             0.000000                        1,164.416288
