Epoch#                               Rewards                   Total(Cumulative)
Epoch0                          1,278.093036                        1,278.093036
Epoch1                              0.934986                        1,279.028023
Epoch2                              0.000000                        1,279.028023
Epoch3                              0.000000                        1,279.028023
Epoch4                              0.000000                        1,279.028023
Epoch5                              0.000000                        1,279.028023
Epoch6                              0.000000                        1,279.028023
Epoch7                              0.000000                        1,279.028023
Epoch8                              0.000000                        1,279.028023
Epoch9                              0.000000                        1,279.028023
Epoch10                             0.000000                        1,279.028023
Epoch11                             0.000000                        1,279.028023
Epoch12                             0.000000                        1,279.028023
Epoch13                             0.000000                        1,279.028023
Epoch14                             0.000000                        1,279.028023
Epoch15                             0.000000                        1,279.028023
Epoch16                             0.000000                        1,279.028023
