Epoch#                               Rewards                   Total(Cumulative)
Epoch0                         10,148.288445                       10,148.288445
Epoch1                              2.685160                       10,150.973605
Epoch2                              7.658806                       10,158.632410
Epoch3                              0.000000                       10,158.632410
Epoch4                              0.000000                       10,158.632410
Epoch5                              0.000000                       10,158.632410
Epoch6                              0.000000                       10,158.632410
Epoch7                              0.000000                       10,158.632410
Epoch8                              0.000000                       10,158.632410
Epoch9                             36.425802                       10,195.058213
Epoch10                             0.000000                       10,195.058213
Epoch11                             0.000000                       10,195.058213
Epoch12                             0.000000                       10,195.058213
Epoch13                             0.000000                       10,195.058213
Epoch14                             0.000000                       10,195.058213
Epoch15                             0.000000                       10,195.058213
Epoch16                             0.000000                       10,195.058213
Epoch17                             0.000000                       10,195.058213
