Epoch#                               Rewards                   Total(Cumulative)
Epoch0                          4,349.832534                        4,349.832534
Epoch1                              0.000000                        4,349.832534
Epoch2                              0.000000                        4,349.832534
Epoch3                              0.000000                        4,349.832534
Epoch4                              0.000000                        4,349.832534
Epoch5                              0.000000                        4,349.832534
Epoch6                              0.000000                        4,349.832534
Epoch7                              0.000000                        4,349.832534
Epoch8                              0.000000                        4,349.832534
Epoch9                              0.000000                        4,349.832534
Epoch10                             0.000000                        4,349.832534
Epoch11                             0.000000                        4,349.832534
Epoch12                             0.000000                        4,349.832534
Epoch13                             0.000000                        4,349.832534
Epoch14                             0.000000                        4,349.832534
