Epoch#                               Rewards                   Total(Cumulative)
Epoch0                          9,804.892544                        9,804.892544
Epoch1                            615.555747                       10,420.448291
Epoch2                             70.462795                       10,490.911086
Epoch3                              0.000000                       10,490.911086
Epoch4                              0.000000                       10,490.911086
Epoch5                              0.000000                       10,490.911086
Epoch6                              0.000000                       10,490.911086
Epoch7                              0.000000                       10,490.911086
Epoch8                             20.326292                       10,511.237379
Epoch9                             26.033702                       10,537.271080
Epoch10                             0.000000                       10,537.271080
Epoch11                             0.000000                       10,537.271080
Epoch12                             0.000000                       10,537.271080
Epoch13                             0.000000                       10,537.271080
Epoch14                             0.000000                       10,537.271080
