Epoch#                               Rewards                   Total(Cumulative)
Epoch0                          4,349.630000                        4,349.630000
Epoch1                              2.353032                        4,351.983032
Epoch2                              3.470370                        4,355.453402
Epoch3                              2.611637                        4,358.065038
Epoch4                              0.000000                        4,358.065038
Epoch5                              9.224132                        4,367.289170
Epoch6                             13.259648                        4,380.548818
Epoch7                             31.434224                        4,411.983041
Epoch8                              0.000000                        4,411.983041
Epoch9                              0.000000                        4,411.983041
Epoch10                            36.820940                        4,448.803982
Epoch11                            68.964235                        4,517.768217
Epoch12                             0.000000                        4,517.768217
Epoch13                             0.000000                        4,517.768217
Epoch14                             0.000000                        4,517.768217
Epoch15                             0.000000                        4,517.768217
Epoch16                             0.000000                        4,517.768217
Epoch17                             0.000000                        4,517.768217
Epoch18                             0.000000                        4,517.768217
Epoch19                             0.000000                        4,517.768217
Epoch20                             0.000000                        4,517.768217
Epoch21                             0.000000                        4,517.768217
Epoch22                             0.000000                        4,517.768217
Epoch23                             0.000000                        4,517.768217
Epoch24                             0.000000                        4,517.768217
Epoch25                             0.000000                        4,517.768217
Epoch26                             0.000000                        4,517.768217
Epoch27                             0.000000                        4,517.768217
Epoch28                             0.000000                        4,517.768217
