Epoch#                               Rewards                   Total(Cumulative)
Epoch0                          1,163.528435                        1,163.528435
Epoch1                              0.000000                        1,163.528435
Epoch2                              0.000000                        1,163.528435
Epoch3                              0.000000                        1,163.528435
Epoch4                              0.000000                        1,163.528435
Epoch5                              0.000000                        1,163.528435
Epoch6                              0.000000                        1,163.528435
Epoch7                              0.000000                        1,163.528435
Epoch8                              0.000000                        1,163.528435
Epoch9                              0.000000                        1,163.528435
Epoch10                             0.000000                        1,163.528435
Epoch11                             0.000000                        1,163.528435
Epoch12                             0.000000                        1,163.528435
Epoch13                             0.000000                        1,163.528435
Epoch14                             0.000000                        1,163.528435
Epoch15                             0.000000                        1,163.528435
Epoch16                             0.000000                        1,163.528435
Epoch17                             0.000000                        1,163.528435
Epoch18                             0.000000                        1,163.528435
Epoch19                             0.000000                        1,163.528435
Epoch20                             0.000000                        1,163.528435
Epoch21                             0.000000                        1,163.528435
Epoch22                             0.000000                        1,163.528435
Epoch23                             0.000000                        1,163.528435
Epoch24                             0.000000                        1,163.528435
Epoch25                             0.000000                        1,163.528435
Epoch26                             0.000000                        1,163.528435
Epoch27                             0.000000                        1,163.528435
Epoch28                             0.000000                        1,163.528435
Epoch29                             0.000000                        1,163.528435
Epoch30                             0.000000                        1,163.528435
