Epoch#                               Rewards                   Total(Cumulative)
Epoch0                          1,163.636007                        1,163.636007
Epoch1                              0.000000                        1,163.636007
Epoch2                              0.000000                        1,163.636007
Epoch3                              0.000000                        1,163.636007
Epoch4                              0.000000                        1,163.636007
Epoch5                              0.000000                        1,163.636007
Epoch6                              0.000000                        1,163.636007
Epoch7                              0.000000                        1,163.636007
Epoch8                              0.000000                        1,163.636007
Epoch9                              0.000000                        1,163.636007
Epoch10                             0.000000                        1,163.636007
Epoch11                             0.000000                        1,163.636007
Epoch12                             0.000000                        1,163.636007
Epoch13                             0.000000                        1,163.636007
Epoch14                             0.000000                        1,163.636007
Epoch15                             0.000000                        1,163.636007
Epoch16                             0.000000                        1,163.636007
Epoch17                             0.000000                        1,163.636007
Epoch18                             0.000000                        1,163.636007
Epoch19                             0.000000                        1,163.636007
Epoch20                             0.000000                        1,163.636007
Epoch21                             0.000000                        1,163.636007
Epoch22                             0.000000                        1,163.636007
Epoch23                             0.000000                        1,163.636007
Epoch24                             0.000000                        1,163.636007
Epoch25                             0.000000                        1,163.636007
Epoch26                             0.000000                        1,163.636007
Epoch27                             0.000000                        1,163.636007
