Epoch#                               Rewards                   Total(Cumulative)
Epoch0                         14,307.584547                       14,307.584547
Epoch1                              0.000000                       14,307.584547
Epoch2                              0.000000                       14,307.584547
Epoch3                              0.000000                       14,307.584547
Epoch4                              0.000000                       14,307.584547
Epoch5                              0.000000                       14,307.584547
Epoch6                              0.000000                       14,307.584547
Epoch7                              0.000000                       14,307.584547
Epoch8                              0.000000                       14,307.584547
Epoch9                              0.000000                       14,307.584547
Epoch10                             0.000000                       14,307.584547
Epoch11                             0.000000                       14,307.584547
Epoch12                             0.000000                       14,307.584547
Epoch13                             0.000000                       14,307.584547
Epoch14                             0.000000                       14,307.584547
Epoch15                             0.000000                       14,307.584547
Epoch16                             0.000000                       14,307.584547
