Epoch#                               Rewards                   Total(Cumulative)
Epoch0                          1,174.679261                        1,174.679261
Epoch1                              0.000000                        1,174.679261
Epoch2                              0.000000                        1,174.679261
Epoch3                              0.000000                        1,174.679261
Epoch4                              0.000000                        1,174.679261
Epoch5                              0.000000                        1,174.679261
Epoch6                              0.000000                        1,174.679261
Epoch7                              0.000000                        1,174.679261
Epoch8                              0.000000                        1,174.679261
Epoch9                              0.000000                        1,174.679261
Epoch10                             0.000000                        1,174.679261
Epoch11                             0.000000                        1,174.679261
Epoch12                             0.000000                        1,174.679261
Epoch13                             0.000000                        1,174.679261
Epoch14                             0.000000                        1,174.679261
