Epoch#                               Rewards                   Total(Cumulative)
Epoch0                          7,066.866290                        7,066.866290
Epoch1                            115.124804                        7,181.991094
Epoch2                             32.150811                        7,214.141905
Epoch3                             37.540079                        7,251.681984
Epoch4                             70.146780                        7,321.828763
Epoch5                             12.532431                        7,334.361195
Epoch6                             20.100526                        7,354.461721
Epoch7                              0.000000                        7,354.461721
Epoch8                              0.000000                        7,354.461721
Epoch9                              0.000000                        7,354.461721
Epoch10                             0.000000                        7,354.461721
Epoch11                             0.000000                        7,354.461721
Epoch12                             0.000000                        7,354.461721
Epoch13                             0.000000                        7,354.461721
Epoch14                             0.000000                        7,354.461721
Epoch15                             0.000000                        7,354.461721
Epoch16                             0.000000                        7,354.461721
Epoch17                             0.000000                        7,354.461721
Epoch18                             0.000000                        7,354.461721
Epoch19                             0.000000                        7,354.461721
Epoch20                             0.000000                        7,354.461721
Epoch21                             0.000000                        7,354.461721
Epoch22                             0.000000                        7,354.461721
Epoch23                             0.000000                        7,354.461721
Epoch24                             0.000000                        7,354.461721
Epoch25                             0.000000                        7,354.461721
Epoch26                             0.000000                        7,354.461721
Epoch27                             0.000000                        7,354.461721
Epoch28                             0.000000                        7,354.461721
Epoch29                             0.000000                        7,354.461721
Epoch30                             0.000000                        7,354.461721
