Epoch#                               Rewards                   Total(Cumulative)
Epoch0                          6,420.580368                        6,420.580368
Epoch1                             18.077815                        6,438.658183
Epoch2                             23.147511                        6,461.805693
Epoch3                              0.122545                        6,461.928238
Epoch4                              0.000000                        6,461.928238
Epoch5                              0.000000                        6,461.928238
Epoch6                              0.000000                        6,461.928238
Epoch7                              0.000000                        6,461.928238
Epoch8                              0.000000                        6,461.928238
Epoch9                              0.000000                        6,461.928238
Epoch10                             0.000000                        6,461.928238
Epoch11                             0.000000                        6,461.928238
Epoch12                             0.000000                        6,461.928238
Epoch13                             0.000000                        6,461.928238
Epoch14                             0.000000                        6,461.928238
