Epoch#                               Rewards                   Total(Cumulative)
Epoch0                          1,163.646414                        1,163.646414
Epoch1                              0.000000                        1,163.646414
Epoch2                              0.000000                        1,163.646414
Epoch3                              0.000000                        1,163.646414
Epoch4                              0.000000                        1,163.646414
Epoch5                              0.000000                        1,163.646414
Epoch6                              0.000000                        1,163.646414
Epoch7                              0.000000                        1,163.646414
Epoch8                              0.000000                        1,163.646414
Epoch9                              0.000000                        1,163.646414
Epoch10                             0.000000                        1,163.646414
Epoch11                             0.000000                        1,163.646414
Epoch12                             0.000000                        1,163.646414
Epoch13                             0.000000                        1,163.646414
Epoch14                             0.000000                        1,163.646414
Epoch15                             0.000000                        1,163.646414
Epoch16                             0.000000                        1,163.646414
Epoch17                             0.000000                        1,163.646414
