Epoch#                               Rewards                   Total(Cumulative)
Epoch0                          1,165.346837                        1,165.346837
Epoch1                              0.000000                        1,165.346837
Epoch2                              0.000000                        1,165.346837
Epoch3                              0.000000                        1,165.346837
Epoch4                              0.000000                        1,165.346837
Epoch5                              0.000000                        1,165.346837
Epoch6                              0.000000                        1,165.346837
Epoch7                              0.000000                        1,165.346837
Epoch8                              0.011663                        1,165.358501
Epoch9                              0.000000                        1,165.358501
Epoch10                             0.000000                        1,165.358501
Epoch11                             0.000000                        1,165.358501
Epoch12                             0.000000                        1,165.358501
Epoch13                             0.000000                        1,165.358501
Epoch14                             0.000000                        1,165.358501
