Epoch#                               Rewards                   Total(Cumulative)
Epoch0                          6,445.662601                        6,445.662601
Epoch1                              0.000000                        6,445.662601
Epoch2                              0.000000                        6,445.662601
Epoch3                              0.000000                        6,445.662601
Epoch4                              0.000000                        6,445.662601
Epoch5                              0.000000                        6,445.662601
Epoch6                              0.000000                        6,445.662601
Epoch7                              0.000000                        6,445.662601
Epoch8                              0.000000                        6,445.662601
Epoch9                              0.000000                        6,445.662601
Epoch10                             0.000000                        6,445.662601
Epoch11                             0.000000                        6,445.662601
Epoch12                             0.000000                        6,445.662601
Epoch13                             0.000000                        6,445.662601
Epoch14                             0.000000                        6,445.662601
Epoch15                             0.000000                        6,445.662601
Epoch16                             0.000000                        6,445.662601
Epoch17                             0.000000                        6,445.662601
Epoch18                             0.000000                        6,445.662601
Epoch19                             0.000000                        6,445.662601
Epoch20                             0.000000                        6,445.662601
Epoch21                             0.000000                        6,445.662601
Epoch22                             0.000000                        6,445.662601
Epoch23                             0.000000                        6,445.662601
Epoch24                             0.000000                        6,445.662601
Epoch25                             0.000000                        6,445.662601
Epoch26                             0.000000                        6,445.662601
Epoch27                             0.000000                        6,445.662601
Epoch28                             0.000000                        6,445.662601
Epoch29                             0.000000                        6,445.662601
