Epoch#                               Rewards                   Total(Cumulative)
Epoch0                          1,163.545613                        1,163.545613
Epoch1                              0.000000                        1,163.545613
Epoch2                              0.000000                        1,163.545613
Epoch3                              0.000000                        1,163.545613
Epoch4                              0.000000                        1,163.545613
Epoch5                              0.000000                        1,163.545613
Epoch6                              0.000000                        1,163.545613
Epoch7                              0.000000                        1,163.545613
Epoch8                              0.000000                        1,163.545613
Epoch9                              0.000000                        1,163.545613
Epoch10                             0.000000                        1,163.545613
Epoch11                             0.000000                        1,163.545613
Epoch12                             0.000000                        1,163.545613
Epoch13                             0.000000                        1,163.545613
Epoch14                             0.000000                        1,163.545613
Epoch15                             0.000000                        1,163.545613
