Epoch#                               Rewards                   Total(Cumulative)
Epoch0                          4,353.174213                        4,353.174213
Epoch1                              0.000000                        4,353.174213
Epoch2                              0.000000                        4,353.174213
Epoch3                              0.000000                        4,353.174213
Epoch4                              0.000000                        4,353.174213
Epoch5                              0.000000                        4,353.174213
Epoch6                              0.000000                        4,353.174213
Epoch7                              0.000000                        4,353.174213
Epoch8                              0.000000                        4,353.174213
Epoch9                              0.000000                        4,353.174213
Epoch10                             0.000000                        4,353.174213
Epoch11                             0.000000                        4,353.174213
Epoch12                             0.000000                        4,353.174213
Epoch13                             0.000000                        4,353.174213
Epoch14                             0.000000                        4,353.174213
Epoch15                             0.000000                        4,353.174213
Epoch16                             0.000000                        4,353.174213
Epoch17                             0.000000                        4,353.174213
Epoch18                             0.000000                        4,353.174213
Epoch19                             0.000000                        4,353.174213
Epoch20                             0.000000                        4,353.174213
Epoch21                             0.000000                        4,353.174213
Epoch22                             0.000000                        4,353.174213
Epoch23                             0.000000                        4,353.174213
Epoch24                             0.000000                        4,353.174213
Epoch25                             0.000000                        4,353.174213
Epoch26                             0.000000                        4,353.174213
Epoch27                             0.000000                        4,353.174213
