Epoch#                               Rewards                   Total(Cumulative)
Epoch0                          4,350.792612                        4,350.792612
Epoch1                              0.000000                        4,350.792612
Epoch2                              0.000000                        4,350.792612
Epoch3                              0.000000                        4,350.792612
Epoch4                              0.000000                        4,350.792612
Epoch5                              0.000000                        4,350.792612
Epoch6                              0.000000                        4,350.792612
Epoch7                              0.000000                        4,350.792612
Epoch8                              0.000000                        4,350.792612
Epoch9                              0.000000                        4,350.792612
Epoch10                             0.000000                        4,350.792612
Epoch11                             0.000000                        4,350.792612
Epoch12                             0.000000                        4,350.792612
Epoch13                             0.000000                        4,350.792612
Epoch14                             0.000000                        4,350.792612
