Epoch#                               Rewards                   Total(Cumulative)
Epoch0                          4,376.431895                        4,376.431895
Epoch1                              0.000000                        4,376.431895
Epoch2                              0.000000                        4,376.431895
Epoch3                              0.000000                        4,376.431895
Epoch4                              0.000000                        4,376.431895
Epoch5                              0.000000                        4,376.431895
Epoch6                              0.000000                        4,376.431895
Epoch7                              0.000000                        4,376.431895
Epoch8                              0.000000                        4,376.431895
Epoch9                              0.000000                        4,376.431895
Epoch10                             0.000000                        4,376.431895
Epoch11                             0.000000                        4,376.431895
Epoch12                             0.000000                        4,376.431895
Epoch13                             0.000000                        4,376.431895
Epoch14                             0.000000                        4,376.431895
Epoch15                             0.000000                        4,376.431895
Epoch16                             0.000000                        4,376.431895
Epoch17                             0.000000                        4,376.431895
