Epoch#                               Rewards                   Total(Cumulative)
Epoch0                          1,163.579942                        1,163.579942
Epoch1                              0.134698                        1,163.714640
Epoch2                              1.273388                        1,164.988029
Epoch3                              0.763479                        1,165.751508
Epoch4                              0.399786                        1,166.151294
Epoch5                              0.000000                        1,166.151294
Epoch6                              0.000000                        1,166.151294
Epoch7                              0.118673                        1,166.269967
Epoch8                              1.263896                        1,167.533863
Epoch9                              0.000000                        1,167.533863
Epoch10                             0.000000                        1,167.533863
Epoch11                             0.900710                        1,168.434572
Epoch12                             0.229485                        1,168.664057
Epoch13                             0.000000                        1,168.664057
Epoch14                             0.000000                        1,168.664057
Epoch15                             0.000000                        1,168.664057
Epoch16                             0.000000                        1,168.664057
Epoch17                             0.000000                        1,168.664057
Epoch18                             0.000000                        1,168.664057
Epoch19                             0.000000                        1,168.664057
Epoch20                             0.000000                        1,168.664057
Epoch21                             0.000000                        1,168.664057
Epoch22                             0.000000                        1,168.664057
Epoch23                             0.000000                        1,168.664057
Epoch24                             0.000000                        1,168.664057
Epoch25                             0.000000                        1,168.664057
Epoch26                             0.064165                        1,168.728222
Epoch27                             0.000000                        1,168.728222
Epoch28                             0.000000                        1,168.728222
Epoch29                             0.003328                        1,168.731550
Epoch30                             0.000730                        1,168.732280
Epoch31                             0.006075                        1,168.738355
