Epoch#                               Rewards                   Total(Cumulative)
Epoch0                          1,168.807511                        1,168.807511
Epoch1                              0.000000                        1,168.807511
Epoch2                              0.000000                        1,168.807511
Epoch3                              0.000000                        1,168.807511
Epoch4                              0.000000                        1,168.807511
Epoch5                              0.000000                        1,168.807511
Epoch6                              0.000000                        1,168.807511
Epoch7                              0.000000                        1,168.807511
Epoch8                              0.000000                        1,168.807511
Epoch9                              0.000000                        1,168.807511
Epoch10                             0.000000                        1,168.807511
Epoch11                             0.000000                        1,168.807511
Epoch12                             0.000000                        1,168.807511
Epoch13                             0.000000                        1,168.807511
Epoch14                             0.000000                        1,168.807511
Epoch15                             0.000000                        1,168.807511
Epoch16                             0.000000                        1,168.807511
Epoch17                             0.000000                        1,168.807511
Epoch18                             0.000000                        1,168.807511
Epoch19                             0.000000                        1,168.807511
Epoch20                             0.000000                        1,168.807511
Epoch21                             0.000000                        1,168.807511
Epoch22                             0.000000                        1,168.807511
Epoch23                             0.000000                        1,168.807511
Epoch24                             0.000000                        1,168.807511
Epoch25                             0.000000                        1,168.807511
Epoch26                             0.000000                        1,168.807511
Epoch27                             0.000000                        1,168.807511
