Epoch#                               Rewards                   Total(Cumulative)
Epoch0                         10,150.981034                       10,150.981034
Epoch1                             99.897338                       10,250.878372
Epoch2                              4.062241                       10,254.940612
Epoch3                            167.714191                       10,422.654803
Epoch4                            310.234077                       10,732.888880
Epoch5                              0.000000                       10,732.888880
Epoch6                              3.465269                       10,736.354149
Epoch7                             33.117375                       10,769.471524
Epoch8                              0.000000                       10,769.471524
Epoch9                              0.000000                       10,769.471524
Epoch10                             0.000000                       10,769.471524
Epoch11                             0.000000                       10,769.471524
Epoch12                             0.000000                       10,769.471524
Epoch13                             0.000000                       10,769.471524
Epoch14                             0.000000                       10,769.471524
