Epoch#                               Rewards                   Total(Cumulative)
Epoch0                          1,163.640548                        1,163.640548
Epoch1                              0.000000                        1,163.640548
Epoch2                              0.000000                        1,163.640548
Epoch3                              0.000000                        1,163.640548
Epoch4                              0.000000                        1,163.640548
Epoch5                              0.000000                        1,163.640548
Epoch6                              0.000000                        1,163.640548
Epoch7                              0.000000                        1,163.640548
Epoch8                              0.000000                        1,163.640548
Epoch9                              0.000000                        1,163.640548
Epoch10                             0.000000                        1,163.640548
Epoch11                             0.000000                        1,163.640548
Epoch12                             0.000000                        1,163.640548
Epoch13                             0.000000                        1,163.640548
Epoch14                             0.000000                        1,163.640548
Epoch15                             0.000000                        1,163.640548
Epoch16                             0.000000                        1,163.640548
Epoch17                             0.000000                        1,163.640548
