Epoch#                               Rewards                   Total(Cumulative)
Epoch0                          1,164.836275                        1,164.836275
Epoch1                              0.021782                        1,164.858057
Epoch2                              0.000000                        1,164.858057
Epoch3                              0.000000                        1,164.858057
Epoch4                              0.025214                        1,164.883271
Epoch5                              0.000000                        1,164.883271
Epoch6                              0.000000                        1,164.883271
Epoch7                              0.000000                        1,164.883271
Epoch8                              0.000000                        1,164.883271
Epoch9                              0.000000                        1,164.883271
Epoch10                             0.000000                        1,164.883271
Epoch11                             0.000000                        1,164.883271
Epoch12                             0.000000                        1,164.883271
Epoch13                             0.000000                        1,164.883271
Epoch14                             0.000000                        1,164.883271
Epoch15                             0.000000                        1,164.883271
Epoch16                             0.000000                        1,164.883271
Epoch17                             0.000000                        1,164.883271
Epoch18                             0.000000                        1,164.883271
Epoch19                             0.000000                        1,164.883271
Epoch20                             0.000000                        1,164.883271
Epoch21                             0.000000                        1,164.883271
Epoch22                             0.000000                        1,164.883271
Epoch23                             0.000000                        1,164.883271
Epoch24                             0.000000                        1,164.883271
Epoch25                             0.000000                        1,164.883271
Epoch26                             0.000000                        1,164.883271
Epoch27                             0.000000                        1,164.883271
Epoch28                             0.000000                        1,164.883271
