Epoch#                               Rewards                   Total(Cumulative)
Epoch0                          6,423.314071                        6,423.314071
Epoch1                              0.000000                        6,423.314071
Epoch2                              0.000000                        6,423.314071
Epoch3                              0.000000                        6,423.314071
Epoch4                              0.000000                        6,423.314071
Epoch5                              0.000000                        6,423.314071
Epoch6                              0.000000                        6,423.314071
Epoch7                              0.000000                        6,423.314071
Epoch8                              0.000000                        6,423.314071
Epoch9                              0.000000                        6,423.314071
Epoch10                             0.000000                        6,423.314071
Epoch11                             0.000000                        6,423.314071
Epoch12                             0.000000                        6,423.314071
Epoch13                             0.000000                        6,423.314071
Epoch14                             0.000000                        6,423.314071
Epoch15                             0.000000                        6,423.314071
Epoch16                             0.000000                        6,423.314071
Epoch17                             0.000000                        6,423.314071
Epoch18                             0.000000                        6,423.314071
Epoch19                             0.000000                        6,423.314071
Epoch20                             0.000000                        6,423.314071
Epoch21                             0.000000                        6,423.314071
Epoch22                             0.000000                        6,423.314071
Epoch23                             0.000000                        6,423.314071
Epoch24                             0.000000                        6,423.314071
Epoch25                             0.000000                        6,423.314071
Epoch26                             0.000000                        6,423.314071
Epoch27                             0.000000                        6,423.314071
Epoch28                             0.000000                        6,423.314071
Epoch29                             0.000000                        6,423.314071
Epoch30                             0.000000                        6,423.314071
