Epoch#                               Rewards                   Total(Cumulative)
Epoch0                          4,365.235055                        4,365.235055
Epoch1                              4.475373                        4,369.710427
Epoch2                              0.000000                        4,369.710427
Epoch3                              0.000000                        4,369.710427
Epoch4                              0.000000                        4,369.710427
Epoch5                              0.000000                        4,369.710427
Epoch6                              0.000000                        4,369.710427
Epoch7                              0.000000                        4,369.710427
Epoch8                              0.000000                        4,369.710427
Epoch9                              0.000000                        4,369.710427
Epoch10                             0.006494                        4,369.716922
Epoch11                             0.000000                        4,369.716922
Epoch12                             0.000000                        4,369.716922
Epoch13                             0.000000                        4,369.716922
Epoch14                             0.000000                        4,369.716922
Epoch15                             0.000000                        4,369.716922
