Epoch#                               Rewards                   Total(Cumulative)
Epoch0                          1,163.616481                        1,163.616481
Epoch1                          1,411.609940                        2,575.226422
Epoch2                            144.886561                        2,720.112983
Epoch3                              0.000000                        2,720.112983
Epoch4                              0.000000                        2,720.112983
Epoch5                              0.000000                        2,720.112983
Epoch6                              0.000000                        2,720.112983
Epoch7                              0.000000                        2,720.112983
Epoch8                              0.000000                        2,720.112983
Epoch9                              0.000000                        2,720.112983
Epoch10                             0.000000                        2,720.112983
Epoch11                             0.000000                        2,720.112983
Epoch12                             0.000000                        2,720.112983
Epoch13                             0.000000                        2,720.112983
Epoch14                             0.000000                        2,720.112983
