Epoch#                               Rewards                   Total(Cumulative)
Epoch0                          6,413.910000                        6,413.910000
Epoch1                              0.000000                        6,413.910000
Epoch2                              0.000000                        6,413.910000
Epoch3                              0.000000                        6,413.910000
Epoch4                              0.000000                        6,413.910000
Epoch5                              0.000000                        6,413.910000
Epoch6                             37.057635                        6,450.967635
Epoch7                             30.390951                        6,481.358586
Epoch8                            123.094683                        6,604.453269
Epoch9                              1.432093                        6,605.885362
Epoch10                             0.000000                        6,605.885362
Epoch11                             0.000000                        6,605.885362
Epoch12                             0.000000                        6,605.885362
Epoch13                             0.000000                        6,605.885362
Epoch14                             0.000000                        6,605.885362
