Epoch#                               Rewards                   Total(Cumulative)
Epoch0                          1,164.075957                        1,164.075957
Epoch1                              0.396735                        1,164.472691
Epoch2                              0.000000                        1,164.472691
Epoch3                              0.000000                        1,164.472691
Epoch4                              0.000000                        1,164.472691
Epoch5                              0.000000                        1,164.472691
Epoch6                              0.000000                        1,164.472691
Epoch7                              0.000000                        1,164.472691
Epoch8                              0.000000                        1,164.472691
Epoch9                              0.000000                        1,164.472691
Epoch10                             0.000000                        1,164.472691
Epoch11                             0.000000                        1,164.472691
Epoch12                             0.000000                        1,164.472691
Epoch13                             0.000000                        1,164.472691
Epoch14                             0.000000                        1,164.472691
Epoch15                             0.000000                        1,164.472691
Epoch16                             0.000000                        1,164.472691
Epoch17                             0.000000                        1,164.472691
Epoch18                             0.000000                        1,164.472691
Epoch19                             0.000000                        1,164.472691
Epoch20                             0.000000                        1,164.472691
Epoch21                             0.000000                        1,164.472691
Epoch22                             0.000000                        1,164.472691
Epoch23                             0.000000                        1,164.472691
Epoch24                             0.000000                        1,164.472691
Epoch25                             0.000000                        1,164.472691
Epoch26                             0.000000                        1,164.472691
Epoch27                             0.000000                        1,164.472691
Epoch28                             0.000000                        1,164.472691
