Epoch#                               Rewards                   Total(Cumulative)
Epoch0                              0.000000                            0.000000
Epoch1                              0.000000                            0.000000
Epoch2                              0.000000                            0.000000
Epoch3                              0.000000                            0.000000
Epoch4                              0.000000                            0.000000
Epoch5                              0.000000                            0.000000
Epoch6                              0.000000                            0.000000
Epoch7                              0.000000                            0.000000
Epoch8                            525.456064                          525.456064
Epoch9                          1,700.196432                        2,225.652496
Epoch10                           475.270345                        2,700.922842
Epoch11                             0.000000                        2,700.922842
Epoch12                             0.000000                        2,700.922842
Epoch13                             0.000000                        2,700.922842
Epoch14                             0.000000                        2,700.922842
Epoch15                             0.000000                        2,700.922842
Epoch16                             0.000000                        2,700.922842
Epoch17                             0.000000                        2,700.922842
Epoch18                             0.000000                        2,700.922842
Epoch19                             0.000000                        2,700.922842
Epoch20                             0.000000                        2,700.922842
Epoch21                             0.000000                        2,700.922842
Epoch22                           164.501794                        2,865.424636
Epoch23                           403.607221                        3,269.031857
Epoch24                           317.845045                        3,586.876902
Epoch25                            76.503387                        3,663.380289
Epoch26                             0.760950                        3,664.141239
Epoch27                             0.000000                        3,664.141239
Epoch28                           165.862999                        3,830.004239
